6344
5291
3274
6877
3066
6855
3995
3730
5626
5487
1908
1901
3438
800
454
537
413
947
1130
508
560
727
662
604
174
321
279
408
2627
383
414
416
409
903
614
524
308
2594
799
668
635
2533
2195
2433
2613
3106
1631
2097
2717
489
160
465
332
641
748
608
432
642
651
676
431
520
455
214
439
637
646
361
529
720
842
1646
421
1112
1455
486
1592
1460
1071
1298
1145
1701
5819
5387
1173
1314
1089
1132
624
1325
1004
1235
1259
1300
3381
6191
6161
1274
1666
1170
1200
599
3083
5003
5356
6853
5383
4976
4829
5419
1923
3948
3984
4134
2932
5434
4977
5367
6020
2803
4863
3561
3405
4950
4853
5330
5684
5503
6166
351
450
220
310
436
379
321
244
362
310
364
381
390
383
401
288
435
176
236
999
692
192
404
400
4049
6164
5826
4070
4947
3380
4403
5918
1776
3097
2333
2697
2758
1307
1319
1288
339
388
353
4377
5188
4644
323
251
367
245
257
319
203
672
758
441
783
602
532
389
303
704
614
356
879
588
619
577
549
2928
2713
2639
2539
1490
2759
3124
7035
5564
371
224
263
309
4446
4316
480
432
659
549
786
704
792
372
564
693
257
1254
972
848
1090
1661
285
584
1822
2954
3400
1600
2557
3048
894
563
340
270
402
330
320
206
190
348
319
1388
4365
4949
3710
5029
2284
3008
2599
1877
279
8206
4144
2575
5142
3505
6124
3396
4060
7241
5331
4352
3378
6377
4992
5368
6444
2464
3135
1115
2522
1754
1713
1458
2190
295
307
281
318
406
169
422
263
283
348
1480
1534
1198
3384
2776
2032
1872
1563
2961
2729
2368
3372
1910
383
236
226
293
3195
4383
4152
4472
3231
4292
308
312
381
317
372
296
545
588
792
393
616
403
774
893
539
919
368
1244
1083
1199
949
940
1241
1250
1905
639
642
694
3035
4171
5237
468
590
557
498
729
1006
696
440
4284
5806
1643
1228
1168
1392
1932
1614
1015
1124
1166
1262
779
1233
4756
5824
4138
2086
2873
2969
1844
3604
1687
1871
3309
2452
3079
1549
1161
1205
566
717
1333
1299
1507
611
910
1072
809
2455
2244
1108
1471
1274
1429
1616
850
1462
900
1058
2936
1695
1499
852
1676
1595
5847
7224
4535
6073
3035
6565
5678
5324
4278
6258
4974
623
839
693
602
1600
4723
5397
4729
2809
6498
1407
2847
6355
3274
6655
1911
3139
4636
3517
6285
3956
6160
6092
3636
275
440
236
683
742
718
3356
1968
2126
2497
3061
3231
1281
2594
229
217
278
330
427
377
380
165
313
311
6997
4917
7896
3079
3625
4186
4682
290
6007
3083
2200
4384
721
285
408
690
801
731
826
691
659
618
766
507
812
6682
5110
3687
6528
5334
6365
6053
6481
1020
4148
3609
910
1239
3498
1911
1060
1179
1143
1446
1899
1507
367
508
371
220
251
164
201
427
328
258
212
301
232
213
178
325
373
244
358
213
308
131
300
311
329
500
1480
747
1399
1355
1751
1271
1438
1161
1088
3184
2139
2310
1771
3273
2263
2979
3440
2216
3236
3081
2796
2668
2380
1488
2637
2811
2695
2831
3420
3823
2979
3214
2680
2757
3435
2196
2960
2542
2818
3572
1745
2331
3159
3042
2504
2819
1258
2269
2469
1641
2543
2481
2305
4020
1650
1565
3002
2517
3078
3176
2907
670
268
535
757
797
460
563
696
836
573
691
787
236
405
384
361
380
209
355
312
347
303
341
228
275
1279
1771
1086
1316
1042
1655
291
303
186
183
334
418
357
256
463
379
199
1035
2694
2437
1129
1351
2073
1176
1187
1605
1513
257
778
420
514
600
492
581
327
315
289
173
845
1377
373
287
556
1468
1254
1506
715
834
737
588
143
354
438
250
175
3081
480
726
5523
5391
4649
7188
4885
3178
7419
5632
3345
5340
5902
6611
4974
1159
296
183
266
337
329
363
429
4876
6356
6150
3806
4781
5653
5171
3988
4614
4705
4453
4724
5093
6677
6221
4492
6056
6463
5781
6334
3521
7042
5555
4526
209
279
215
172
3546
2497
2925
3399
2979
1634
2412
3429
3268
2486
2394
3033
1982
2668
4480
4895
7910
5575
6567
5216
883
1712
451
257
313
429
266
223
6630
5058
3830
4745
6247
2384
4908
4721
6244
3412
5362
5316
5391
5372
5726
5517
2734
2803
2063
2469
2353
3375
3481
3440
464
641
456
920
531
446
681
814
705
630
847
516
626
3771
3641
330
325
617
1592
827
1463
1153
1772
730
1389
1564
938
1426
2996
2643
539
847
1023
1638
1317
688
1761
1475
2973
737
647
408
822
504
712
486
556
5376
4378
265
257
332
358
573
938
281
509
1135
1405
1384
1365
1074
286
255
293
287
319
279
232
325
369
419
357
243
303
377
5528
6381
5221
5085
4222
5946
5971
3810
2231
7517
541
783
580
874
545
544
795
441
586
689
530
413
606
4400
7540
5927
5978
5605
7156
6039
4482
5298
4170
6217
5043
4791
5018
8314
6523
5698
5748
4729
3788
379
528
806
832
500
3030
2485
2018
1535
3379
4558
6614
260
296
352
362
704
496
662
541
595
535
706
461
761
312
392
300
168
268
296
2775
5766
5935
5652
4954
5460
1403
754
819
733
184
328
749
835
283
774
796
400
352
634
532
644
228
327
967
1101
1495
1756
1461
2067
1751
1909
2617
2206
2696
2881
2625
2502
2941
2798
2134
3124
5367
4167
373
367
1604
2831
3555
2417
1747
1915
3165
312
333
172
245
371
3779
2759
4210
4970
5854
398
642
1473
1222
1249
1149
1435
1131
628
561
611
797
567
524
383
239
2832
3292
2480
5035
4669
632
1391
959
1273
550
1283
749
766
686
4954
675
602
511
586
301
4208
2290
352
357
298
464
254
391
1351
952
547
699
1383
1138
616
779
544
3915
5420
4255
4337
2536
339
328
330
166
177
2820
1890
2406
427
287
426
215
390
289
436
343
3536
4651
7569
3862
3908
5789
7276
455
508
432
672
480
3188
2927
1950
3088
2486
2386
781
360
528
764
609
785
1309
750
1187
2077
1579
1360
765
1647
1241
400
216
334
501
351
723
360
871
1229
771
761
1099
1251
912
1612
779
1825
1316
1257
831
1451
1213
719
892
404
626
369
920
795
685
724
637
627
465
894
664
808
3074
2325
2970
2341
2897
1703
2684
1225
2221
2281
2047
2485
3157
3371
2964
3564
7410
4441
5317
515
860
762
478
631
437
618
529
681
5259
4957
4208
2536
2477
4307
5932
4599
4275
7462
7608
4639
209
1640
918
1152
5694
6499
4157
4427
5640
5277
5316
5379
4807
4782
3550
3301
4063
5689
6808
5572
4287
6000
4141
1217
1553
1378
780
1441
1383
1847
1106
1215
512
421
1322
1176
1413
1265
1253
5383
5731
1622
2331
2095
2165
2377
2158
308
315
364
320
245
309
318
418
428
197
1913
1179
1453
1327
1129
1381
272
263
435
309
304
459
416
282
394
228
458
358
1066
1137
1008
1173
1714
1223
1674
1630
906
1064
1520
1486
1871
459
572
312
283
302
252
292
342
243
324
1731
2485
2094
4063
2343
2999
243
304
1038
1203
834
1425
1286
1367
1083
1614
1169
242
436
430
614
642
464
865
668
749
669
468
682
540
544
1555
1415
1527
990
600
959
701
601
679
457
389
707
530
560
462
449
645
5113
4374
3739
4954
1479
6232
7130
5547
5700
3585
457
1560
1576
1143
1195
325
778
1286
4080
4564
3657
423
428
342
375
1186
969
1357
977
1331
1219
927
1330
1215
1217
1183
725
1921
1353
4798
5597
1905
4561
5232
4497
4316
4476
4942
1608
5695
613
972
551
303
357
357
334
301
202
399
581
618
625
467
5307
7330
2505
231
5850
6691
4820
4616
4305
3677
2840
1328
1572
1684
1135
3808
5349
2146
4756
5324
414
240
400
498
332
699
506
548
578
403
384
162
292
265
471
432
459
5264
4190
1194
1185
735
1261
7518
6797
6723
4911
4429
4419
6620
3949
273
369
320
438
401
292
376
1587
973
1038
1636
1533
1172
1395
813
1787
3485
2683
5113
4760
7284
4294
4750
2240
2670
2263
484
401
690
665
694
662
502
427
632
522
479
380
678
624
721
614
456
701
5187
5481
190
283
247
344
356
278
226
368
432
402
282
216
362
276
230
270
216
404
355
265
363
2654
2197
2384
2728
2142
3473
2897
2685
238
336
3967
7774
750
712
649
5822
327
352
546
677
5345
6601
3799
1869
1051
637
3609
2743
2816
2166
2357
2905
1773
3004
2269
2369
3782
2462
3297
338
366
409
66
203
391
2880
2489
2821
323
697
1097
1375
970
550
752
507
674
588
745
479
798
918
725
149
349
274
311
371
222
1927
3199
2267
1710
3970
2259
2869
1945
2919
2067
3200
2456
2872
2665
1843
2859
1749
1353
2917
2249
3060
2223
1697
2808
278
575
891
816
1046
665
507
618
723
889
831
768
647
749
726
754
624
860
639
656
857
682
623
492
690
667
807
453
744
611
629
788
651
496
884
647
521
558
617
723
589
807
1390
1141
240
276
305
198
376
326
424
218
282
334
327
389
417
291
319
387
213
6096
461
590
685
452
523
140
339
420
705
809
1024
537
598
610
559
2629
2402
1855
261
2266
3768
1554
1559
1335
935
1271
1353
1314
4563
284
381
377
220
692
603
646
436
851
765
4769
3404
3044
2239
1930
4292
2530
2518
2075
1604
1789
2612
2921
3602
826
463
524
399
570
3158
1289
3760
7337
1967
6076
4745
7401
3886
6339
6898
4016
660
535
613
539
572
565
525
332
280
411
411
213
446
183
272
384
3776
5178
333
350
175
368
607
217
643
645
598
550
694
652
695
2798
2256
2116
2287
3241
2583
3043
2229
2608
2933
2780
932
448
588
703
654
739
-48
736
515
815
805
1449
6647
3361
759
456
654
809
809
514
668
365
522
752
894
602
810
410
1184
1498
4207
420
1486
1280
1233
1210
1168
943
1051
550
563
349
1155
1313
826
1362
1393
352
5363
4970
4990
4535
1918
2332
2205
3808
1858
3303
2632
4461
4179
5961
3401
3732
3987
4684
5597
736
1158
1505
520
552
500
649
439
573
403
383
488
752
674
757
704
733
654
676
673
735
316
222
358
355
429
270
321
5700
3286
4106
6376
4718
2367
2923
377
369
454
377
355
395
265
447
1523
1180
1486
2095
5248
3819
6728
7295
4370
672
675
549
516
694
736
514
459
760
687
758
622
587
636
901
803
418
454
333
412
318
359
360
315
492
271
1640
1313
280
260
313
262
471
668
815
847
565
689
513
706
295
610
858
678
705
320
887
452
644
727
450
351
2257
2790
2401
2096
3028
2924
2445
206
679
746
589
475
257
238
440
267
290
307
225
367
439
214
290
345
833
543
773
618
623
852
506
2046
1370
1817
1229
1183
1763
721
1508
891
1235
757
1124
1450
1414
1794
2087
3078
4070
3875
268
325
556
639
722
535
723
227
357
328
1882
1363
515
2527
441
223
264
338
324
326
6526
4569
4932
4923
3779
3100
4188
5509
7205
1320
1217
1540
1784
1195
681
368
237
408
355
260
208
364
180
105
164
243
660
694
349
294
257
159
1261
339
263
298
508
435
318
283
414
256
298
408
438
307
405
246
233
2828
1527
2595
2746
3266
3231
1626
1559
2752
452
449
633
512
611
710
545
203
416
346
328
317
374
1543
5330
2250
1222
581
5590
5203
3792
5441
5011
7371
4374
6735
8693
7408
5439
7216
5556
7120
5829
5458
5665
5291
784
6252
431
625
539
721
669
847
360
495
617
2789
1929
2244
5108
355
209
290
218
245
353
356
342
283
435
228
363
305
343
335
2681
3588
1985
2561
2728
1380
2210
1704
924
1636
1183
3626
3869
350
207
341
441
307
309
308
447
316
323
309
385
332
366
705
613
2252
3849
3245
7243
3380
3516
1019
1578
1039
1690
1473
1141
1568
1266
1720
1852
932
1225
1336
1450
1285
1233
525
1082
1393
1602
970
1133
1136
1340
-46
1566
984
2722
2354
825
1508
1096
1573
1016
733
711
577
743
1064
1068
1422
3860
1035
1554
3331
1561
1698
879
699
393
813
667
565
1910
7161
5603
3726
6465
4238
2918
5373
768
504
632
323
55
395
296
488
358
278
389
182
367
112
189
263
456
2971
2850
2541
2542
2710
3170
1904
3003
2635
2023
2076
1548
2952
960
754
1341
979
1415
1501
1141
1334
319
465
1155
1109
770
1193
1493
1609
1654
1309
934
1632
601
363
986
724
620
2421
3719
2449
2049
2744
2507
2773
3614
2606
8080
4164
4318
3804
4756
383
348
259
364
432
293
385
263
212
3456
1906
1855
2582
3219
2590
2912
2438
2432
6509
4038
3573
1310
1788
683
739
641
329
666
732
6368
3784
3630
5618
2840
7566
4381
4569
1964
1211
1461
525
1033
1047
1530
1373
1767
1309
1326
1494
724
1611
1397
1654
1626
3556
395
398
337
329
359
235
1293
2252
866
1608
1342
1150
1502
4648
4057
8060
4383
3457
4397
7958
2030
5537
4707
5116
802
468
443
460
538
325
629
586
588
877
605
2168
850
3269
2817
2770
779
453
2076
361
395
311
298
292
378
299
238
356
972
1078
3533
2394
3040
6096
5661
4089
6358
6606
4915
5751
3564
9664
5219
3182
1640
2790
269
255
309
470
390
277
328
430
273
178
392
296
339
368
203
370
173
263
245
363
607
540
479
372
661
2034
1681
2357
2291
3351
3679
3255
2157
746
512
2264
1836
3216
1826
3409
2738
2320
2480
2481
3410
1712
2092
2580
2173
2826
2846
4503
934
349
386
424
783
644
622
1095
2100
1976
2694
2270
1758
467
728
945
637
713
5508
4650
6213
4357
912
1497
1257
497
826
953
3760
4348
775
549
720
679
755
689
836
585
327
676
641
646
661
826
483
618
1313
1092
964
1546
1284
667
632
647
2803
3613
7332
5010
5839
3657
4641
405
371
520
310
2973
2351
2526
3185
2665
2573
659
3857
7183
4638
4281
3943
5978
6627
526
457
677
805
729
857
425
609
323
311
349
313
294
288
327
401
226
1877
1537
1190
566
590
765
360
490
839
474
485
468
578
692
689
260
222
4310
5612
2499
2248
2956
3549
3175
5544
6279
7013
6099
5583
5172
4351
5771
6562
3919
1687
2926
2941
3051
2502
3642
3794
2829
2304
2172
3421
2921
2037
2723
2339
2407
501
636
657
606
529
310
809
690
544
648
435
1447
1396
1049
462
1359
921
913
1494
1423
1083
1280
2426
1751
2265
2050
2286
257
382
471
464
249
254
181
305
437
375
327
536
605
2281
2272
1586
2492
2862
3126
2801
2690
3376
3711
2342
2765
2829
2083
4204
4958
6652
6001
6642
4580
4307
2601
720
692
724
591
719
803
5918
1771
217
427
784
735
6055
4493
3578
7592
1797
6070
4340
3338
273
410
442
398
236
2805
2453
4652
4038
4970
385
707
371
5647
4817
740
667
303
468
216
284
281
238
397
186
2419
1285
263
323
269
173
259
275
365
243
203
331
290
306
341
288
596
782
4382
2757
5339
560
436
252
2589
3376
1288
2411
2726
2643
2761
464
490
362
673
1389
1298
1403
963
1436
1141
1379
2676
3005
2196
1207
3110
490
477
626
4945
605
2383
2735
3042
2578
2377
1605
2452
3614
2264
1708
2316
208
395
367
300
358
346
1314
1250
1087
989
1361
1058
1230
1918
1148
1500
1595
915
427
1365
1458
1066
1405
1073
329
224
3715
5107
5684
6291
4913
3372
1439
1323
2752
1881
2866
2288
2635
2882
2208
2433
2544
2469
1707
2133
2678
2227
3234
2456
3174
2647
2968
2199
2077
3019
3187
2339
2515
2442
2084
1829
3659
1952
2852
2808
2735
2237
2817
2614
2339
2140
2350
3155
3316
3124
2885
862
2408
2417
1697
2926
328
479
438
361
143
257
254
363
368
349
1757
2784
2654
2624
1671
3341
2449
3444
2425
2297
1400
1172
1361
1934
2044
2050
1270
2256
2078
2196
1907
2215
1223
1245
1777
1171
646
667
487
384
655
2674
1995
2593
1859
1846
308
258
287
294
677
858
329
355
6622
2313
3030
743
625
4732
5153
3863
5126
4879
6982
5010
251
514
336
317
62
326
437
283
338
319
425
769
669
689
547
880
625
485
300
625
630
743
882
402
306
4236
632
556
781
889
243
751
824
519
638
725
475
5108
4430
2959
3237
4914
4801
4727
5258
7290
5610
1956
6766
3673
5110
5698
5198
4702
4001
851
617
666
354
669
516
344
624
705
447
427
655
3565
3242
291
277
378
1110
2017
4135
297
279
439
186
274
1035
1299
1610
1536
367
234
245
210
1302
775
971
1280
1668
7134
6152
4304
3211
6835
5812
5038
6351
6777
4621
6845
3115
2841
2232
2126
2857
3650
1927
2941
2529
2396
4825
4609
6544
7022
2649
2772
1821
1721
2578
2356
3055
2949
2657
2903
2105
1975
390
672
440
699
515
599
507
630
648
917
717
810
439
312
513
578
791
702
2461
3879
2304
2650
2705
2242
1099
1495
950
1641
681
1043
1095
1097
1809
731
1159
1019
1415
1044
1002
1039
879
1323
1530
1553
1010
980
797
1435
1498
726
1340
1256
1644
1087
1647
1075
120
265
313
381
3874
5424
4048
3975
2202
671
512
720
345
734
263
505
668
739
618
4531
5431
5716
1139
1459
1412
1280
1108
1063
4803
348
295
238
332
323
232
6231
5464
5499
5119
348
2284
3216
2870
1751
2150
2781
2373
1985
1346
2125
2744
3462
3825
2304
2495
2236
2167
2757
7706
5284
5665
6265
4407
8159
7101
4541
3609
5050
3395
5376
5644
5774
4585
5995
5836
327
337
396
284
2119
1586
1417
943
1487
2081
1328
865
1282
1382
1401
1076
1154
1703
1124
683
637
466
1038
688
702
704
436
894
410
566
438
703
486
434
565
810
786
829
368
633
1653
1136
1426
708
612
493
539
449
480
817
631
1379
1046
264
294
346
233
1341
1356
1449
1217
2564
2769
2127
2988
2074
2648
2015
2066
2394
440
348
316
248
151
312
374
204
331
305
528
275
345
348
596
667
516
669
411
652
5620
4508
2565
1875
1406
3105
575
705
395
375
723
429
626
484
814
370
798
612
691
705
467
170
801
827
798
789
713
852
1006
509
306
674
412
1780
527
614
469
581
473
523
443
721
424
844
529
477
862
4992
6168
2359
2451
2962
2638
2351
3353
3586
1763
1000
1359
839
1369
1189
1650
1194
1042
1306
5395
5623
5374
3557
5073
7807
4729
6360
358
477
1138
947
498
1368
532
7034
5624
4999
4473
5588
290
229
363
322
398
389
259
327
346
225
327
455
322
270
416
195
265
293
276
403
358
374
276
454
515
653
692
646
530
670
752
842
694
784
1252
1556
1769
2730
3005
2032
1981
267
413
240
184
389
258
2067
2265
3824
4337
4511
5215
3018
2597
173
375
339
367
352
6489
760
391
660
615
757
2209
2793
1512
1544
1533
1255
1492
1476
1324
751
1079
1148
1702
1510
1425
1658
291
576
543
742
818
461
420
843
5485
6830
4050
3770
6261
5970
535
1071
1489
949
1065
841
1199
1223
1228
1511
1389
1411
1222
912
888
1630
935
896
1677
1778
1794
4866
5125
4136
6808
4704
6844
4030
4896
3878
5077
5612
6915
5560
5291
3170
3000
6333
4006
1447
1150
5086
2478
3233
3056
2253
3673
4416
3845
3569
6972
7179
6018
4765
3780
5267
7037
4471
3834
1639
2028
2424
2623
1901
2915
2401
2707
2632
1499
267
270
254
169
351
307
257
230
505
323
600
545
1614
357
333
320
214
503
184
414
1091
1143
1044
1019
639
766
845
629
726
737
707
834
612
516
829
754
993
1451
1006
794
937
459
2464
2980
3020
1740
620
6277
4746
5133
1743
4857
4975
6656
5026
3830
6797
6173
6721
4425
3955
3694
8143
1330
890
3229
2615
2280
3257
1972
2630
3407
2592
1397
2322
2828
662
1459
1324
1101
1307
1136
1697
1609
3304
2456
644
1249
803
1165
2495
3378
3811
6547
5638
5583
5808
164
256
284
285
247
313
262
393
320
365
1313
891
1323
905
2623
3118
2723
2633
2418
3021
2628
470
631
640
508
599
717
372
602
503
1222
5106
2630
1385
3778
2255
526
398
742
780
722
654
515
777
512
647
406
734
724
543
811
659
485
472
430
2899
3366
2879
394
390
304
320
362
238
435
388
214
265
2805
3396
1607
2722
723
847
653
391
548
736
449
385
327
369
3088
2055
255
399
250
1594
2008
6889
5764
4153
5896
776
800
632
376
714
826
1608
1699
739
1712
1529
1699
424
1004
1206
997
854
1526
787
1447
1072
1704
1317
163
266
364
269
264
332
295
206
382
430
409
384
2846
2109
2850
2384
548
626
4217
4516
5853
6492
3296
3609
5296
5856
7275
7609
4175
4259
4993
4992
4206
3677
596
617
645
431
533
518
591
636
609
730
452
585
1436
1481
948
784
798
1162
1569
1301
602
431
413
468
788
506
600
296
682
358
845
535
1799
2056
3316
1698
3273
2337
3081
1398
2897
3261
2353
1312
2037
2777
978
1294
1184
1438
883
725
237
438
418
337
355
232
352
491
764
608
632
774
165
3265
3594
4152
5799
5009
3018
204
247
383
1045
1683
847
1100
1332
1481
1299
1304
1413
3152
3048
3061
1443
2309
2169
2514
2565
2289
3304
1955
3697
1979
1010
575
1480
1151
277
264
292
332
267
365
306
289
857
375
639
2997
1501
2354
2612
2041
2481
2488
2873
2178
3074
2034
2430
2800
1872
339
268
380
1688
2681
3143
5238
4238
5190
337
425
458
187
372
374
191
321
249
4807
5039
189
283
417
285
397
375
324
331
1102
1326
1287
796
1418
1768
1130
1181
1596
690
618
520
316
752
646
677
554
651
537
690
177
394
244
334
394
304
389
247
231
317
397
320
376
244
353
258
397
429
374
345
181
2530
1376
2342
1567
2709
2806
1696
1323
1515
1068
1395
1303
1075
1076
893
1469
880
5037
4602
5795
4839
336
3083
2184
2808
2568
2096
2270
2075
3421
1355
1279
3089
3240
704
889
1217
805
1155
924
1097
1695
1583
513
701
561
567
696
740
610
746
664
580
234
2644
1853
2345
1972
1228
2931
3295
2177
2062
2650
2017
3275
5845
5948
6378
5419
6972
580
706
386
626
2197
2913
2624
3036
2726
2248
247
408
600
1107
1105
1703
1280
4217
270
496
195
162
1601
879
1145
1101
1563
1700
1459
437
537
597
933
2543
540
438
948
260
237
361
316
278
137
295
347
424
130
473
218
230
327
1103
975
1256
1198
1055
1382
1300
1314
1391
1703
964
1639
5200
3430
2947
4449
3822
5974
708
382
344
335
310
335
296
281
278
1151
640
1320
1353
1226
1560
1569
1735
813
1020
1153
1357
1569
1323
1130
337
401
175
264
329
311
347
309
993
605
1416
1426
1212
1063
5581
5354
2808
4420
5258
5946
3983
5615
5129
5755
4158
5646
545
549
509
3532
2611
1235
716
1318
1571
2070
1089
3150
1427
431
784
663
638
802
1135
1134
1195
3786
4786
6252
5190
4888
4655
6039
285
279
5603
704
339
423
736
509
491
644
638
504
754
518
799
757
623
971
568
375
2439
1380
726
308
641
1179
1193
1698
1127
581
571
643
620
782
472
900
827
537
574
595
574
276
158
6127
4771
6602
5527
4302
1966
2112
2091
5159
5829
4902
5231
4592
3731
405
305
209
597
577
739
617
482
267
559
524
634
440
640
699
449
651
334
353
496
641
293
381
269
295
320
637
632
360
247
353
247
6216
5065
5465
2522
2271
1678
2681
2987
2051
407
1271
753
517
1725
1125
1413
1846
1050
1167
1869
1140
760
6170
4156
2733
6077
5386
4105
1261
1095
1344
1161
1625
1463
1386
998
1560
1350
1771
1832
1136
1307
1151
483
895
768
477
1217
1086
615
1810
1358
766
829
3866
3744
3766
3310
6731
4745
5146
4207
4732
2101
1488
1788
4444
3881
3870
5627
5504
6000
5152
2583
1253
1193
525
1347
1141
899
1174
1070
1712
396
213
335
280
347
334
302
2941
2863
4668
5508
4204
3769
5133
4069
4363
5436
4371
574
860
766
725
409
839
729
695
645
555
202
4626
4946
5511
4021
5232
171
176
249
313
413
332
200
270
400
1077
1629
514
717
1894
2798
1663
2516
2112
2362
3380
803
252
312
294
423
274
190
299
3016
2201
2209
1777
2728
3099
3028
2222
532
631
955
580
350
307
2268
1979
2878
4028
3588
2457
1188
4874
6339
5067
4096
5652
2831
1724
318
1541
1960
2273
1397
3783
2557
2328
3897
6869
5343
5281
4115
6265
5631
5279
3878
2374
3231
5962
4623
217
332
418
317
2873
4918
3979
6053
685
1429
2952
2504
2652
3295
2273
2435
2166
1266
5740
3823
5145
2094
2590
2713
2609
2136
2279
3007
307
362
638
2413
3448
2409
2535
2329
3020
1787
1743
2054
1219
1564
1223
501
516
2940
2325
3017
353
297
339
420
909
500
866
661
527
840
683
452
624
343
716
555
2333
1658
3029
2565
2570
2244
2395
1291
1446
2124
361
507
256
372
334
290
280
512
1209
1633
1177
1326
427
332
4046
4305
2444
5425
7252
235
5813
2989
3941
365
416
4710
2579
2697
2293
1499
1706
2181
1996
1446
1512
2220
1986
378
395
294
222
490
953
474
254
415
347
334
291
306
385
279
452
324
404
198
406
248
308
337
227
361
357
286
339
204
365
829
662
651
718
269
2472
725
390
301
510
370
320
238
1620
8704
2876
3962
6575
5134
4380
4871
4864
6184
3037
5915
2845
5279
5107
5430
5696
4006
3430
298
231
302
389
278
395
411
220
2138
2294
1765
1210
1992
4826
3666
4677
2494
6333
3676
4342
5296
4945
6308
2877
2628
2429
520
727
765
629
656
665
719
612
826
721
603
699
360
279
274
378
415
291
334
485
326
317
112
314
2694
2547
2151
424
289
473
294
355
224
300
299
292
266
5936
4993
7391
927
848
573
653
739
431
747
786
587
736
626
566
532
512
744
492
703
674
577
399
401
250
321
243
1991
376
294
296
297
259
201
2014
3014
2188
2563
2698
1792
2767
3242
2513
3885
2711
2432
2738
2580
2574
2677
2085
3613
3314
2874
3129
3176
2200
2643
2503
2286
2194
1515
2099
2537
1536
2818
2463
2076
2290
2564
3125
2663
3077
2444
373
711
531
526
427
670
536
603
518
738
745
542
311
302
230
7088
5855
5953
5348
2884
4693
6566
3855
352
5641
6685
6260
5529
5735
466
292
403
395
392
362
399
241
252
141
254
257
274
272
364
5332
4487
4788
4675
5223
4645
846
6990
4618
6483
5723
4571
3312
7420
5591
5293
4523
6274
6078
4584
2067
7066
4452
6228
3697
5683
5687
9100
1408
1138
350
613
740
1347
566
503
241
353
627
477
634
505
412
319
350
196
233
349
617
2413
2813
2428
938
637
414
1113
889
1146
1797
4128
388
271
406
639
748
769
520
720
392
504
740
561
220
230
323
225
2161
2729
1465
3568
2274
1930
470
470
618
398
808
850
2082
332
4048
4172
5135
1410
4807
4789
5400
280
257
238
713
610
556
308
2396
2837
789
1784
2293
2645
1977
3446
3356
298
382
299
373
288
233
221
352
435
1845
2076
2530
3302
1719
1820
2281
1850
3770
2374
2201
1448
4524
3389
2404
1483
835
2172
3999
2343
405
777
748
1024
1115
1102
611
565
1075
1205
6203
5143
5847
4614
3688
4382
4889
4410
5031
3602
3673
1273
1452
997
1627
1155
231
425
318
437
161
440
349
2037
737
1944
2707
408
340
638
573
853
806
554
587
465
802
449
387
239
363
284
267
376
759
2247
222
304
297
425
374
1077
1425
2043
1711
3085
3665
6562
6367
4668
5572
5466
281
195
332
211
407
350
244
466
444
280
313
305
194
264
1439
869
782
3787
5052
5421
1614
2680
2398
1752
2975
964
599
498
1586
1550
1745
4276
4105
6193
7066
3692
6770
4942
5086
6921
5654
3505
358
6541
4598
5105
5414
6725
6727
6897
7187
525
721
5705
5124
5380
2173
300
571
781
953
1821
816
1226
811
933
753
1288
2605
3391
286
7528
359
1338
1181
1555
1104
1234
266
674
235
305
414
467
336
6511
2532
2707
3335
2239
2438
2857
5492
6346
6975
5343
4284
6899
4017
4612
5077
4269
4585
3966
6190
4478
423
299
209
287
227
428
229
460
306
3405
3789
2184
2367
2415
1897
1861
2480
1991
1615
939
1196
214
291
339
258
276
274
156
255
1250
1015
1243
1149
3351
1569
408
749
695
646
629
497
549
755
581
592
625
688
498
306
399
397
356
384
196
266
332
291
380
185
360
159
695
559
882
605
700
777
469
697
482
542
819
696
514
471
1318
1688
1573
1019
1657
718
5712
5520
3787
6352
3876
6177
6055
5474
5647
6039
777
546
541
573
1542
6437
5204
8010
5643
451
743
609
772
818
1662
4504
5098
5141
7579
3051
2340
921
808
1411
1009
1003
1306
1481
1409
915
1430
2258
778
1302
1478
927
422
1295
1200
1298
995
922
1090
1488
1383
236
2659
2745
5089
4052
355
368
308
308
235
362
369
299
360
355
210
4779
4224
7161
6336
4507
240
229
330
431
349
434
334
221
280
260
431
332
381
187
412
267
313
336
237
320
424
176
343
492
3044
3544
258
760
609
657
581
711
762
669
547
1254
1182
1384
396
318
416
414
536
658
584
900
847
711
734
2361
3780
429
220
250
328
284
4680
4928
1284
2341
890
1312
1032
1257
1556
1336
1194
1278
331
337
311
1322
848
1417
1228
777
2183
2592
3476
1397
410
145
226
311
379
282
230
308
115
343
178
324
320
360
545
212
276
398
1261
2578
2598
2254
2271
1937
1806
3477
1856
4060
373
571
711
1991
339
380
313
262
247
367
246
318
226
282
986
1212
528
940
316
411
589
579
2593
3256
3324
2526
2334
2306
2554
1963
2641
2975
1863
2458
2320
1845
2499
3226
3309
2967
5845
3240
5262
2751
4624
7158
4743
2430
6574
3054
2291
2643
3120
1057
597
1504
1155
4109
2672
1689
1610
1671
2776
2393
3757
2348
2030
3205
1912
3913
2298
2515
3283
2663
3034
2173
2863
2511
2191
3126
2612
2467
3366
2768
567
802
906
786
706
644
484
376
632
518
466
811
398
825
2869
1130
1196
2902
1949
1430
2724
3233
281
209
244
378
70
277
294
456
244
1545
285
393
430
332
303
2935
2679
2585
2156
2582
2418
2717
2583
1904
501
382
618
508
730
593
375
592
922
639
407
346
408
303
282
230
374
363
480
233
346
328
345
246
301
634
379
409
379
447
227
386
380
258
1346
1210
800
1736
631
581
1481
943
1420
1588
6468
1630
1200
1118
1558
934
974
1188
1209
6843
5567
4936
616
295
726
499
656
389
1695
2348
3659
1951
2023
1676
1517
2819
2772
1327
703
782
460
268
2654
3464
3003
3756
4423
4526
650
825
682
677
786
802
2955
3723
2697
1453
161
353
308
248
368
248
283
297
313
348
283
208
2165
2619
3660
1630
3438
2256
2161
2041
2015
1204
1101
2648
2735
2471
2531
3283
2167
2121
2685
3000
2758
2407
239
395
226
343
423
333
301
296
3285
1919
1230
2385
1888
2571
2196
1238
1623
1230
1918
1058
6902
4916
5488
324
353
1504
831
719
940
2436
1737
2671
5228
7582
3994
4986
4637
5593
4065
3258
8062
297
321
238
453
267
435
381
397
393
243
5758
6062
6067
469
548
414
3754
7034
4227
5621
4246
4071
3194
3615
6228
5615
5307
5520
4491
3200
6513
5232
4173
4038
5494
6236
5210
1694
2020
3797
2451
2901
3880
1319
3014
432
825
712
448
478
831
679
815
1734
1144
1015
1970
1471
3874
4893
4644
5983
5484
6032
2341
569
511
2274
3235
2351
2035
1705
1886
2979
2775
2693
2903
249
422
389
2019
2288
1630
2685
1198
3164
1401
2076
1930
2720
2061
2364
2070
2816
3701
1076
2891
2659
2343
572
309
248
203
272
285
417
301
462
319
209
368
230
346
1889
1809
2173
2361
2619
298
404
1537
3723
464
681
958
553
785
617
2070
2305
1707
2180
2728
3516
5738
5065
3623
5490
6082
4797
4799
4039
4675
3990
2946
4446
921
836
1477
1430
1313
1038
1518
1513
1444
2517
2846
722
418
643
521
818
488
521
482
1129
1689
1033
1702
1321
1114
1232
933
1452
1307
905
1554
1582
5276
263
450
349
141
331
237
260
911
1665
1013
1639
989
812
2732
4358
3589
356
3654
2213
8164
5685
3843
680
1099
1151
1312
1371
1122
876
1328
1246
1354
1110
1643
1244
1550
1388
1706
1050
496
3045
2812
2807
3351
2901
274
320
287
320
225
234
349
3974
1388
1271
1108
950
1021
618
1916
1013
1126
1642
4936
6106
3523
5629
6923
2850
4805
2246
2473
2024
678
359
357
574
658
639
449
553
487
769
511
607
4413
6441
6016
3992
539
567
491
2075
1015
1575
1333
1317
1202
1018
1008
1792
1507
510
554
1037
999
776
665
745
843
493
537
483
649
746
463
1272
659
447
365
376
283
210
330
481
3087
673
700
577
672
580
707
820
179
754
570
520
800
512
792
697
1497
1286
1025
1188
1202
826
785
1608
942
2412
4410
7968
4991
6026
3053
4854
4752
7261
6059
6619
1088
315
329
1756
834
1045
3842
293
210
1280
1642
1066
1387
1177
2941
922
979
715
1117
651
717
332
903
823
753
1265
2798
2389
1924
2579
3253
3104
3683
1421
2116
6108
707
729
726
646
458
445
310
360
1120
1655
1956
367
190
373
216
273
321
320
210
317
206
402
234
247
1577
1384
484
681
662
609
529
539
713
580
752
535
772
518
698
670
138
321
316
322
574
1595
906
1027
916
1339
1205
1284
1335
681
1153
1060
1800
1469
552
1356
1469
2797
1525
1472
4444
4905
571
625
600
975
220
358
338
404
150
315
3527
3312
4695
4112
1099
591
686
606
388
582
458
722
409
463
617
826
513
645
749
721
3233
2676
3231
2807
474
345
343
382
123
294
230
244
230
433
242
357
352
324
402
306
273
382
354
385
225
3883
6228
6273
3798
2774
7078
3365
5140
5638
4517
844
1207
891
1353
1332
800
614
663
547
620
526
634
548
680
849
723
373
1108
596
600
412
730
630
607
620
580
910
756
666
569
560
799
298
425
353
176
164
305
1298
1265
267
177
315
338
345
308
259
221
498
346
294
364
348
136
325
226
481
464
832
341
721
898
638
679
549
716
504
647
586
520
356
597
663
463
1018
1061
1492
2824
1987
665
700
840
626
1035
643
693
570
621
728
629
761
315
352
2694
2602
1539
1862
1777
2840
2789
1749
2319
2622
2153
3505
1887
3234
2460
2622
2008
1597
2008
2688
2964
2146
2793
2337
1719
3432
2482
1394
3358
2437
4301
3261
2430
1890
271
283
121
3975
5553
4101
5401
578
455
444
570
5535
2474
1615
1581
1516
1918
7765
7083
3749
6572
1473
953
3686
2993
2723
1672
2102
1989
3645
968
1202
1856
1033
1050
1322
1668
1796
3536
2811
3152
2812
159
394
305
340
372
358
318
235
581
247
250
459
405
216
1205
1344
2054
1678
1377
1608
1382
1267
1359
1486
1536
1021
583
859
1434
1472
1278
678
1310
939
1280
1027
4339
4920
6488
4595
275
337
321
379
410
372
285
308
408
371
288
369
327
435
342
248
319
310
469
581
1639
4931
5235
6621
5453
4501
279
2675
2599
2137
2596
2216
640
841
644
1612
2115
1469
3517
1999
3251
2736
461
731
650
582
550
330
565
294
364
563
698
552
574
151
150
247
418
196
272
190
352
308
222
270
243
270
225
446
412
1314
1458
1617
798
1370
1272
1303
1168
1170
967
989
1067
1409
1379
950
921
493
458
624
694
1035
1489
396
651
649
816
691
391
818
1042
432
319
376
245
255
242
342
303
424
3832
4827
5013
6056
2232
2519
3487
2767
3477
2901
327
364
419
344
268
229
424
163
176
2631
2206
3386
2895
2816
3347
2876
2596
1997
1175
730
3932
1130
2403
2053
2730
1762
1387
2482
2675
1311
5490
3239
432
386
510
650
506
455
431
753
607
572
696
536
790
582
5438
3998
3198
2426
1647
2270
2743
612
636
3281
5892
5096
3125
2337
2279
1818
2890
2890
2613
2425
2363
6415
3940
3619
4885
5584
3563
3924
4114
4751
4512
4367
3737
3194
6200
3267
3964
5168
2986
2627
2917
2811
496
600
588
545
554
2391
1787
1261
1324
1070
1033
1794
1246
952
484
266
243
351
403
346
343
296
305
545
290
688
536
708
475
739
637
705
515
620
563
1159
755
230
256
382
218
687
1420
829
954
707
634
914
1406
2573
1359
1517
952
1468
1358
1220
1265
1044
539
1204
1829
1086
3617
5130
3737
4681
2930
252
355
230
356
353
435
335
164
301
5102
2542
6475
3202
7842
4337
5166
5052
4531
2728
5025
455
703
449
615
426
506
166
575
487
828
427
846
511
602
833
642
552
569
764
5882
4577
3885
5468
6633
6746
938
1175
1475
851
1125
1439
1391
929
1023
1128
1087
1411
1384
678
737
818
736
443
768
1225
541
394
335
565
510
477
692
302
1287
639
555
486
516
594
681
648
776
492
723
706
624
840
521
453
565
593
713
777
1051
609
794
794
363
1805
1607
1429
607
857
498
5689
5082
3527
965
1494
1620
1329
4508
6953
5045
2845
4536
3811
6405
5167
843
661
795
668
690
358
5213
4797
5120
3369
5719
4651
3807
2950
4758
5486
3233
5092
4582
3489
3243
2157
2515
2200
1422
2748
1912
2459
2279
4656
3181
3097
2413
2623
242
292
1863
2408
3603
2914
3719
2577
2278
3502
1620
1229
2763
2994
1895
979
2091
2678
726
365
674
536
697
276
722
278
308
290
271
284
492
487
792
351
1277
1103
2724
3280
3063
4598
282
284
1137
1427
1162
1544
1280
1302
1264
914
723
331
318
388
275
344
302
517
1350
1957
1339
1335
1512
579
1022
2816
1688
1370
3239
2336
2054
3415
2558
2097
3058
3211
3794
1893
1696
1208
922
1298
1287
1256
1033
321
898
996
1271
923
1168
1349
1535
729
676
4045
6126
6790
4909
3895
462
315
268
305
728
308
888
812
961
1423
1835
1193
1398
1556
1726
1127
1636
4587
4226
6222
4964
7382
6459
5765
4559
5122
4771
5578
3841
4563
6915
523
761
740
354
2974
360
172
214
1354
1699
1520
990
835
572
476
1466
1844
857
1716
1482
406
736
993
492
569
2407
2648
1556
2668
2649
503
491
316
354
1683
2899
233
253
326
365
295
384
353
220
156
377
271
214
400
467
321
492
583
397
792
501
398
653
501
645
740
1360
1360
5013
4962
4353
6756
683
904
514
303
291
1370
6407
4293
4911
5862
4092
423
190
303
1087
998
2095
2664
2712
2097
1877
409
302
326
373
402
5007
665
717
627
638
482
872
665
714
558
3036
2805
2949
1992
1246
1284
1103
1374
1273
994
1510
1251
2363
1247
3439
5012
4201
4781
5768
4944
1185
1215
439
672
511
776
631
869
561
667
853
364
380
429
3739
6731
3541
7312
8436
5430
4151
5182
3092
429
795
715
866
969
789
491
1215
1157
1522
1790
702
995
907
1715
1865
850
1087
1289
494
215
219
2004
6250
4940
5093
5085
774
657
763
695
510
663
588
419
455
551
650
744
432
879
508
666
832
765
589
212
748
638
934
778
770
485
645
1240
307
3569
6923
5177
5176
4532
4500
5729
4397
3684
4642
5452
3844
5352
743
1491
1253
988
2865
1028
874
2492
2398
2797
2637
2666
1972
726
455
745
961
394
924
1424
1222
1028
1395
1191
1673
964
200
325
503
364
265
260
425
374
311
300
296
300
268
180
208
247
1584
1370
1718
978
1688
822
745
1482
564
1042
1049
2094
1133
1751
1410
663
1718
554
688
636
2202
3686
7966
5487
5017
5914
3949
5035
3256
6370
444
669
570
646
435
638
777
654
340
603
628
479
1361
1097
1529
1251
1394
306
377
249
273
350
337
3188
3909
7196
6664
3708
4494
5875
5429
1013
1401
1457
949
4126
4571
2609
5373
3842
6036
3631
3496
1264
942
1482
983
1354
899
1547
1898
1271
1586
999
1267
1205
1920
1290
312
361
443
331
278
279
254
295
375
252
368
270
298
335
334
284
339
2089
2261
3325
222
250
4081
5367
1585
281
602
830
402
782
641
693
2485
459
2955
2815
5301
5143
5212
6100
3283
5372
5377
3177
5385
6379
7464
322
352
343
297
276
325
242
1051
1520
1107
1420
1485
2235
962
329
308
1620
1554
944
1496
449
617
668
872
696
430
534
729
759
526
536
698
802
592
779
528
628
425
743
452
769
881
692
238
1515
1174
1693
1619
1593
1409
1455
1422
1268
639
1341
1310
1013
515
195
420
374
400
297
334
235
8065
6225
4312
5282
4677
6568
5630
7159
3839
3677
2398
1474
1490
2480
2130
541
350
343
671
852
771
677
631
647
643
568
529
860
744
864
628
718
703
606
801
2665
2382
2302
2631
611
480
390
574
611
589
3149
3132
2027
2093
3027
3256
3237
2019
3451
2742
2947
1598
2127
2723
1045
6371
4430
5210
280
355
308
373
270
328
381
277
230
865
1619
1115
1259
1528
6162
4246
4192
5959
6034
3863
4539
4330
5583
5931
4290
6687
5634
5877
6566
5283
3046
1867
2246
2594
2577
1935
2640
1793
2786
3197
4618
260
227
412
624
1436
2031
884
1821
6309
4106
4346
8169
3329
1434
1629
1082
578
4978
3180
4199
4863
7206
7161
4323
3388
5046
2493
1170
1226
1451
1689
1120
1318
1094
1437
1175
998
1045
1289
1185
807
1172
1464
1033
553
1245
1732
1740
1074
1418
3853
4369
4234
7323
446
581
566
512
616
435
562
706
718
421
426
757
578
7861
5192
3367
756
1370
675
1092
1087
859
733
887
678
1088
1113
1074
591
927
631
767
461
654
645
462
849
562
481
345
557
528
702
617
564
339
339
361
237
331
378
321
411
249
168
602
295
467
693
2085
2339
2262
2346
2771
2714
2152
477
556
742
859
534
449
505
593
441
960
419
558
896
4771
6276
322
342
421
314
280
434
410
239
4909
4385
2292
2781
3025
3209
2804
3499
3180
2144
334
213
284
172
232
2758
4233
2211
463
318
3701
2097
2535
2530
1118
1601
1274
1063
825
1408
848
951
818
765
480
2547
3671
3250
1906
3683
4982
255
319
162
324
335
280
222
358
332
358
271
1994
1381
2658
2615
677
442
700
475
406
760
719
447
772
651
5441
6262
4328
6569
5719
8028
5629
2862
3478
5235
4909
4234
1404
1319
2023
2576
2747
1796
1543
2723
3355
5982
5393
4878
5194
899
1408
1406
1108
1562
902
832
1507
1481
1094
1711
1727
1012
4822
7451
4865
5726
3147
4573
3132
3068
5631
7181
636
782
724
652
733
788
642
579
605
829
545
640
551
461
289
510
378
296
375
364
400
207
254
379
2297
1727
2104
3073
3124
2771
2363
640
551
1312
1268
1312
1148
378
636
456
604
1085
545
722
369
483
353
430
617
655
569
304
731
782
383
597
598
778
617
554
5423
5033
4768
3528
6067
5161
4429
2975
5904
3161
5881
5595
5831
794
445
721
782
622
546
693
855
510
573
535
815
508
469
513
351
371
774
322
817
240
360
479
343
381
3730
1013
717
1097
1023
6689
8113
4627
2682
3424
350
296
336
1363
933
1364
1367
236
1175
968
385
361
198
134
343
231
333
244
279
995
1936
584
1665
1512
1006
2452
2600
3507
2215
2499
3084
2590
2638
4263
2464
1950
187
690
406
592
473
496
588
445
396
253
329
714
649
456
3209
2158
1414
1913
2176
2509
6691
5404
2548
2793
2757
2382
2092
2678
3709
2129
2661
2230
2409
3326
2626
2201
1909
2353
1627
4732
4068
6312
4033
6113
2027
1234
1020
1742
1607
1038
1341
2509
1956
2244
3470
730
492
426
258
366
5794
4738
4849
4245
2758
5806
4350
6001
5858
4067
4673
3467
5298
6383
2434
3098
1403
2261
2117
2121
1073
1303
825
754
729
463
690
829
547
787
473
639
491
1258
988
800
1127
1780
959
1140
1046
1112
1165
6052
339
343
236
192
362
294
221
595
1008
487
589
614
554
409
881
555
414
290
737
720
4885
5855
614
561
662
3325
6295
3357
5163
4744
4860
6153
5558
7350
2978
6286
5470
5989
4878
6119
5828
424
672
1481
394
322
395
353
146
366
217
2926
3693
1621
367
441
292
301
191
186
299
354
2046
5831
3354
4663
1293
898
4548
2620
2576
1696
3364
1589
3005
2971
2329
2346
2316
584
744
124
283
375
1519
1047
1313
988
211
209
268
285
4268
2480
3164
2300
433
348
463
210
340
4849
5281
4830
5840
2232
5588
5429
710
636
907
625
445
637
1079
1199
1050
3180
2097
2361
3347
2403
3277
2850
1993
2350
933
2170
2763
2754
5461
6298
7898
6505
5119
6293
5168
5185
4754
5547
6021
3373
7714
7175
3399
543
1092
996
1143
1668
1151
528
1767
1366
657
642
1560
1738
811
1343
942
1409
1243
1678
827
1346
3287
3083
1352
3864
2602
2447
2512
2879
3372
2821
840
672
265
585
567
814
632
606
680
881
478
689
552
463
539
1402
1400
744
1607
971
1536
1542
182
978
1669
1562
1266
277
272
4300
2684
3078
2842
2589
3138
2022
2670
1642
853
922
1214
1287
1004
1219
1220
1187
1153
1673
962
1234
1339
2836
3679
3232
2311
3514
1974
1803
6844
3765
7603
6430
234
345
313
264
276
489
255
335
278
290
6029
7113
4403
5962
4172
4619
3958
6816
291
304
222
238
229
921
1120
1133
1183
707
1544
1251
1458
1096
1397
748
1146
1356
1251
1441
1210
1006
1000
1651
1540
3516
7267
4586
5703
4035
5106
3079
560
1587
421
571
402
302
367
394
622
852
708
503
603
898
475
842
694
867
493
389
342
369
192
326
213
328
247
172
329
287
252
431
337
210
285
423
284
362
271
2625
232
279
910
1161
1071
2149
2671
362
373
417
261
232
267
291
2958
1919
2383
2593
1903
2447
1456
504
235
264
281
385
475
366
205
349
361
1335
1255
1277
920
416
2031
6603
3369
4451
4734
2620
1264
2524
1899
2545
3023
3100
1214
2793
2672
1166
2809
1827
2575
2135
1866
3518
1545
3343
2143
2283
2784
2057
2697
1691
2306
935
1137
4558
3016
3198
6031
431
557
646
740
547
942
380
773
640
767
688
885
1123
980
1540
1041
1036
1485
1410
1677
1045
1285
1075
1088
1615
798
1667
962
862
987
1316
1149
842
1217
642
5446
5720
2513
4074
2851
4146
5453
5973
7338
2758
2490
4570
4949
3047
4887
3367
328
308
324
265
321
1376
2902
1870
1397
1422
913
1327
646
1427
1007
1598
321
796
598
956
1352
1515
1356
1022
460
572
785
714
687
901
609
587
796
654
708
994
721
589
926
501
550
890
672
829
746
768
680
477
5720
3781
7869
3561
2324
4932
5287
1031
1452
1593
1666
1365
1245
1288
1467
727
1110
1181
1540
1068
406
355
265
271
329
146
223
303
292
781
720
925
601
328
785
693
853
626
510
516
699
725
354
488
2923
2371
3302
2722
628
6388
4338
6240
4102
5115
5119
942
416
583
140
568
488
333
332
427
374
345
1302
1448
1296
1088
1457
1323
1216
1670
5255
5086
4912
6080
6509
4503
5975
1619
1307
1169
1127
1186
1553
1477
1010
925
1258
1358
1235
1882
932
1222
1331
1198
1703
1414
3389
3089
2051
4260
4001
5393
5543
4430
4028
4858
3315
5771
4187
3045
5763
4100
7227
4795
4518
4443
4871
6544
5055
6083
3590
5248
127
321
282
406
315
110
280
420
450
234
212
261
222
421
156
484
512
652
515
590
697
1479
1414
1601
4329
4745
6761
3730
7505
3881
4725
4648
5931
5980
2612
336
337
250
376
412
244
253
199
299
249
210
173
213
282
1016
913
1194
1396
857
1441
1642
1192
1639
1185
1378
982
1378
339
345
4146
874
1261
1208
1172
2078
1992
1003
1266
880
1151
717
1495
1414
4423
5075
5486
5382
3311
5823
3321
3126
4008
4335
4242
7220
5323
2786
1209
1217
1215
1132
1478
987
1617
1093
1244
1418
220
320
214
342
364
315
4770
3858
273
565
4157
6008
6756
5039
4388
744
613
534
513
536
587
651
1271
1086
1460
1337
1501
1193
303
226
301
329
401
357
448
387
353
345
206
242
239
272
333
200
305
262
6011
4187
6675
6362
3609
4195
5802
3268
4798
5541
6572
1312
2794
2419
1461
1374
297
940
1356
1350
3145
2539
2730
2843
1621
1339
981
1849
1246
1087
176
233
390
335
1411
2158
2415
3901
2236
744
336
504
387
330
495
1460
1540
1347
1708
840
643
421
494
1474
1584
428
1847
1214
1420
1344
1513
939
1070
302
546
1849
1817
3119
2770
2193
2392
2534
2650
300
247
275
279
345
340
342
377
158
405
290
2089
4315
6397
280
303
104
250
289
303
293
486
223
292
448
465
264
397
3690
2820
780
3377
2443
752
914
690
6494
6375
6062
4659
5953
6394
6274
6053
3262
2634
3265
2333
2721
1740
3537
473
819
543
625
868
598
583
563
5337
4447
3918
4761
5465
5595
4941
5558
4463
3128
3631
7176
4397
5543
6701
4498
5359
4644
3915
3185
736
1342
1422
1016
1194
1074
690
5696
5912
3562
4857
688
480
352
582
418
379
771
428
635
624
456
606
1471
1294
1498
553
999
533
865
872
582
6503
7915
6107
5281
5566
2440
5940
5226
4057
6692
7048
1215
1180
1133
679
560
705
452
673
269
517
684
622
735
527
781
168
287
307
892
4149
5391
618
168
337
389
464
279
342
190
262
4307
4688
3799
3964
547
512
613
700
276
321
363
380
280
447
1044
1420
1162
1355
1382
1257
1475
1813
832
1489
859
1435
1208
1561
1524
667
613
239
333
433
315
393
239
295
1195
1307
1379
6330
3461
6845
5471
4090
7269
4337
5047
5352
4232
4367
298
304
292
360
2136
973
1316
5311
5023
4902
4674
6769
1820
5799
2909
3505
5733
2727
6354
438
324
382
345
303
609
729
816
814
400
491
523
724
5821
5475
6978
6288
1499
1467
1272
4922
4913
6886
7202
1980
7730
3043
3819
2061
2299
1918
2605
3365
1031
1166
416
675
640
1109
1089
929
887
1295
1651
1120
2960
246
282
408
270
3280
5077
6276
2474
6472
3618
4593
3754
6945
5752
4487
4730
6724
3549
557
524
776
629
794
910
675
437
256
349
735
757
712
659
526
319
6667
5835
5627
338
175
393
385
3854
3060
374
589
1470
1380
1099
1246
1032
1227
1600
1646
3737
2318
711
821
707
1174
282
314
376
340
247
258
129
234
374
260
198
259
369
131
694
772
503
701
585
759
691
745
604
272
279
381
361
355
232
259
449
218
357
281
377
487
195
2788
958
598
806
863
487
655
647
668
826
647
344
3087
1369
1501
3044
1398
2740
2955
1625
2804
270
243
298
415
395
337
332
1591
1592
3287
2785
1846
3323
3623
2387
2641
2371
2331
2589
2379
2998
351
352
153
308
1198
1080
1073
1226
1207
778
1685
1513
1303
1870
1303
1320
1384
1397
853
1688
1103
934
951
732
470
570
505
851
674
283
1080
1630
1918
1466
1260
1155
1456
1214
1381
1518
605
1275
725
1172
1444
1197
1599
718
687
1170
1884
1102
1212
1176
1383
883
1049
1522
1231
243
366
2411
2912
1430
1124
1108
1604
1039
1570
372
395
435
295
295
4715
5249
1494
3086
1584
1790
275
406
397
830
766
676
428
465
389
392
362
202
310
225
344
386
233
429
352
350
2084
3340
1227
787
1361
5681
4024
4105
5628
1768
3542
6751
3877
2209
4088
5766
5368
3679
4189
4921
6310
327
456
242
367
573
344
612
394
652
2883
3169
5106
5153
7809
2229
5228
4636
4741
2224
432
961
3849
5189
4243
4687
4303
858
789
773
1165
1150
1315
4829
3550
3825
5497
4092
3526
2757
356
233
420
419
237
1928
2652
3114
2196
2712
2245
1614
1579
1284
1392
1225
1458
868
1231
1400
1188
1504
1037
1252
1074
3201
1902
2725
2668
2934
463
294
307
360
277
391
155
205
265
250
369
233
512
209
6594
4953
5532
5855
1454
1652
879
1134
1602
778
1543
1094
1379
1061
874
1869
803
704
499
765
425
693
808
506
498
550
650
551
713
912
492
382
789
673
736
695
719
711
576
324
584
823
438
981
510
772
678
643
598
377
573
432
448
739
721
466
557
1040
485
730
288
287
273
191
346
250
183
389
280
5433
4092
3786
6735
4003
658
637
592
640
403
275
194
211
398
249
1295
1147
369
276
327
237
2410
2908
3786
5414
3531
6178
6155
5375
4300
5848
4956
2154
7180
3114
3519
3471
4741
5895
5533
3946
7082
4308
6786
4450
5543
3131
3819
4916
5393
4628
5991
5237
742
2924
2279
2714
694
933
827
627
508
543
668
863
554
398
506
629
683
811
525
797
603
802
480
441
378
586
755
939
552
505
711
569
527
678
579
720
811
501
564
535
559
766
612
318
431
482
456
665
712
849
620
2449
2568
678
773
768
531
640
657
522
895
671
604
586
498
696
805
430
501
657
559
594
611
545
624
674
710
513
748
824
613
606
643
665
458
378
442
189
420
335
306
379
337
337
1913
1268
1208
1175
847
1543
1196
1602
1197
1465
1152
1437
876
1202
1085
938
5115
3760
6849
6285
6013
4535
5308
231
431
6128
4018
5556
5721
3867
2785
3558
797
429
309
216
167
687
578
412
4241
3030
3370
5621
7108
5021
696
460
547
416
365
170
253
132
2572
2953
2561
2133
2545
3100
2211
1908
3337
1511
2877
1363
160
365
269
226
263
101
179
4429
2342
3942
3324
7237
1113
1699
631
1493
1061
1040
1324
1051
3298
3745
2561
374
390
5271
3558
5330
4954
3806
3683
7536
6957
705
480
3825
1431
1151
794
678
607
649
791
780
676
487
287
264
290
326
2333
2259
347
380
241
277
214
400
322
1339
1279
1175
1231
1006
840
1287
1629
1614
1532
1458
1519
1007
881
230
263
2799
6645
5491
5095
6616
3348
4323
2483
4921
5267
4787
5880
5543
5135
3268
7206
2342
3569
5612
5456
174
482
327
411
178
320
194
437
328
292
293
340
188
181
295
245
1575
2584
266
370
355
414
268
443
5301
1054
1177
1304
1422
1003
895
996
1710
977
5749
5619
3345
2809
3090
2405
2251
2333
2677
153
232
339
292
257
347
290
279
375
3194
2846
2338
2147
3635
1152
1163
1089
261
254
256
3019
2744
1434
2808
1318
1393
4083
2573
1843
3091
2451
3137
2448
2666
1887
1837
1970
3205
3066
1849
2934
2997
3572
580
690
564
4927
5535
5262
4096
7252
5092
5842
3455
4085
5965
4510
5325
5292
5977
3621
6090
5482
5385
5273
4864
5724
6092
8262
4951
6235
5949
5896
5167
5342
3430
6345
357
322
316
373
306
330
319
207
642
678
681
926
1535
811
1148
1369
2722
2298
1731
1152
212
301
452
3175
3825
3852
4117
6566
3700
479
4910
5997
5257
4022
3721
5701
7251
4641
4603
5301
274
275
349
228
334
282
295
123
481
769
555
881
582
605
856
776
4555
3963
6442
6187
4113
4500
4949
5660
3379
5948
6125
6087
7031
5177
351
353
229
310
280
300
227
465
328
395
434
319
403
382
357
768
5701
1607
1766
2459
672
727
651
474
528
541
389
250
505
697
513
636
439
1967
2237
834
1595
1202
1474
1538
1074
1854
1161
858
1344
1213
1329
464
539
1663
1267
768
1085
1217
876
144
422
171
321
642
1671
2926
1209
2941
4581
4731
2966
2767
2457
2448
1266
908
1356
4268
926
1448
1391
1331
1183
1356
1005
1611
763
399
2219
4632
4828
4819
5659
3142
3969
1494
1102
1091
1467
1745
1306
1501
1254
946
1654
949
1299
1549
895
1200
1265
1097
739
1805
1129
1457
1240
1023
835
1238
851
1594
1461
1281
3673
5365
409
392
574
719
708
654
268
883
287
622
551
2496
2186
2061
2628
2884
2034
3332
2442
2377
2775
2795
2821
2285
2062
3198
1625
2370
683
551
844
339
392
379
309
318
236
299
2024
758
641
564
292
752
582
445
659
395
581
432
297
2752
3592
2206
2322
2827
2527
2667
2334
3033
2307
1849
8253
3455
6804
3772
7360
831
1400
1623
1334
1161
1092
1397
372
637
2352
2977
569
586
700
729
735
544
711
421
766
220
350
218
255
362
79
229
331
389
361
433
516
709
733
389
494
784
311
275
378
675
579
505
517
689
532
462
690
568
1722
778
872
660
616
750
702
704
962
549
781
679
519
5123
3475
3707
5313
3556
6372
1908
329
219
2512
192
635
456
635
749
602
724
942
596
4256
4618
838
708
803
582
819
733
397
577
423
397
687
595
749
688
761
586
521
1396
1398
1687
1912
1599
914
1240
1082
1424
1116
804
1479
952
1503
1245
421
397
401
250
295
1047
477
663
912
697
924
689
836
612
718
566
992
389
540
435
117
244
664
682
325
258
360
346
257
363
1892
3419
1827
2182
1388
1192
1221
1148
1498
1235
797
866
1133
785
1399
1262
1898
375
330
353
383
442
429
293
293
523
599
469
558
484
623
636
603
1705
1199
296
291
303
3996
5678
3522
5059
5886
6114
6299
264
312
223
431
324
450
325
269
362
233
399
371
333
729
2722
3398
2637
2919
7202
3273
5671
1439
3651
7684
4950
5112
464
515
948
678
629
561
618
462
3396
2693
2334
1137
818
1489
1111
515
481
898
438
558
637
647
571
429
596
606
665
2588
3428
1059
3569
2411
1916
3363
1924
2353
2125
1802
3166
2060
5035
6651
5925
162
280
353
453
1500
1135
3439
3140
4935
6591
342
348
287
2183
1503
2154
2985
2460
2634
3172
2995
1806
1672
1372
1359
1456
1542
1657
1013
1280
1270
1816
1732
1925
282
6111
6330
5438
5948
5673
4352
3914
4846
4868
6109
6764
3685
6799
4203
5711
6960
5212
5148
782
588
394
880
1248
1015
1125
1354
1616
1347
1015
1186
617
2864
3370
2407
2334
2438
615
701
788
2611
2188
3537
3862
1725
2156
1134
825
1473
1277
1134
1493
1769
1554
1457
1841
652
1207
1062
1211
1717
1126
740
4497
7551
7405
6611
2933
2139
4219
4252
2568
5797
496
763
656
738
5365
3282
4089
3428
3812
3475
5576
3650
661
279
392
197
285
303
412
281
294
189
306
360
123
318
358
406
372
220
290
909
468
677
647
2734
3502
1684
2447
1715
1125
2886
2548
2362
290
5551
6521
2549
5177
7678
3700
4506
6283
4172
5369
5600
4110
5497
3853
3202
5949
5657
6150
4558
6818
5667
6212
7567
4990
5369
1363
3218
749
473
551
2570
1531
2666
2356
3281
3354
731
1628
3038
3089
2367
2712
828
1763
1640
1668
1737
6682
4658
5969
5811
5043
5672
4771
871
1125
1844
1358
935
1182
1311
1269
977
1227
6517
5622
8230
5295
851
1752
1360
1553
1060
1590
1177
1515
1165
1797
1617
1292
1804
1028
1154
3009
2066
1510
907
2026
2453
2739
2165
1909
3084
3072
1375
1174
2987
2459
2947
1551
276
357
1800
274
6539
5038
574
369
288
744
684
211
280
330
293
248
283
337
220
1467
1457
877
1045
1474
1260
1202
1307
1288
2051
1283
1886
1216
1391
1011
1401
757
504
276
378
417
760
597
699
393
614
511
430
886
4548
4265
6080
7005
6150
4032
5835
5262
3107
8183
4210
2405
3340
4134
5098
3764
3819
7002
5661
6287
3527
1220
1015
1476
1429
1383
1306
1497
1805
1124
1019
1213
1689
1241
871
643
7274
331
501
845
332
1176
1457
1217
169
387
310
326
311
380
3144
2772
2925
2866
1581
1951
2750
2476
2903
2008
2492
2750
502
945
538
600
540
553
2174
3221
3196
5550
3514
2289
2717
3338
1979
2676
2621
3679
7063
6908
6102
4901
8456
5197
3939
8301
5579
4500
2127
3003
2744
2099
2183
2623
1961
1999
2642
2911
2851
3034
1645
2849
136
323
366
3354
2079
2942
6349
2776
2991
1896
3108
3861
2803
3527
2227
2323
3467
3653
1897
3242
1784
1950
2936
2154
2950
2248
2828
4746
1175
195
183
227
356
291
4972
266
340
258
294
384
116
441
307
219
321
5106
3156
4640
4276
3689
5133
4601
5227
661
1565
1290
1286
1407
1872
1260
1968
1561
1429
693
639
801
3117
4526
5837
5264
6895
8916
5028
5547
349
407
2089
1931
432
313
444
258
2453
2634
2806
2517
2367
278
330
266
299
302
371
4384
4244
3647
3909
6647
4754
335
351
175
311
444
315
368
105
495
1007
576
622
2797
2000
2435
3001
965
979
1134
1360
1503
1068
929
901
2916
2433
236
268
354
303
283
387
235
189
208
5964
5727
4849
3784
3181
4037
5167
3303
4670
5398
3877
6759
4144
926
2377
3092
1964
296
400
441
220
1023
1295
1489
1120
1727
1611
1705
1645
682
545
877
553
403
183
203
319
293
2721
2664
1869
3320
2473
1180
1537
1253
745
890
1235
1642
1246
768
1244
906
1470
1426
468
570
651
714
681
797
1655
1287
1206
5689
5940
2347
3193
668
694
722
670
343
200
2301
3409
4239
1911
1646
2644
1722
2195
3069
1854
2841
2766
3073
1111
1786
2594
3205
2005
2666
3168
342
417
248
107
413
469
377
347
450
339
739
391
581
543
488
2623
3191
1669
1530
653
3098
3610
6057
3268
4933
1564
1195
1175
1311
1184
1290
1399
1346
698
1574
702
1260
1762
2418
1702
1925
3531
2701
2703
3904
6985
4761
5995
5742
4683
633
761
467
700
595
715
961
389
555
502
845
741
617
808
1223
1061
1319
7594
3750
1252
2744
6004
4798
3078
4478
5882
4799
5903
4779
4473
4351
5015
304
218
333
242
363
1345
1893
1379
2541
3940
451
999
638
576
588
2780
1934
4542
5165
1022
1331
1045
1179
1253
1194
1489
1229
1405
1282
1352
1583
702
2070
2686
1744
3346
2631
2451
3329
5700
5192
4348
1494
2753
270
274
364
351
268
416
307
328
435
350
271
247
291
499
770
452
587
613
599
340
687
873
672
757
264
2762
2522
2344
2846
3000
253
299
398
291
345
733
888
823
448
304
367
186
468
234
5080
4194
6104
5715
4789
3601
724
2086
3279
2512
2286
3452
5859
7032
6115
6649
741
365
2777
2949
1337
2300
2818
1769
4901
652
734
497
873
662
683
661
450
970
2621
2801
2829
990
1355
1326
1212
1116
1078
1147
1269
677
696
1173
915
891
697
712
1147
1076
1537
1072
1843
521
2636
788
694
697
428
637
594
1113
1468
1373
1260
1440
686
1362
923
790
1570
1543
1414
1687
1452
1477
1596
1317
1556
988
3402
2467
3255
1574
2482
3332
2326
2181
2549
2449
1138
1375
1178
1171
1393
1702
801
6495
4406
5087
6201
1712
980
1772
1043
1442
2693
1846
3028
1756
3767
208
276
379
179
314
425
329
239
302
238
295
286
345
5183
3951
2872
4359
614
682
268
309
352
304
333
157
289
398
233
820
485
509
635
687
626
378
3012
2457
1015
2849
2787
1729
2001
1501
4527
3931
4789
6994
291
237
274
299
301
5244
245
389
346
324
413
330
254
393
399
362
265
368
290
1268
1280
2221
2328
2750
2823
3256
2219
1607
2720
2501
2050
2504
1758
2217
1789
1630
2785
3998
3186
2224
3742
2656
1878
2405
2453
2009
2029
1921
2975
2810
1634
1973
421
299
645
677
680
939
853
294
597
597
801
723
501
767
652
5174
5595
5898
6892
5061
4981
5848
498
5119
5214
3857
5976
2535
3162
5954
7734
6050
6880
4908
4653
379
405
328
396
4756
4639
3267
2205
2770
2079
3042
2072
2875
2651
3078
2461
2643
3508
2453
2496
3322
1458
3243
2609
220
361
560
678
689
4464
4786
7652
3907
6093
5761
5119
4147
5544
4050
7655
4339
5592
2346
4465
7296
5722
6026
2760
6872
2942
226
186
261
375
335
301
327
286
392
286
309
259
6049
4050
5403
5092
737
722
469
476
495
700
658
601
738
1360
1038
1007
1260
1311
1283
1475
1242
1493
1312
1947
1321
1234
1632
974
1094
1338
949
1589
1293
1222
1236
924
1518
912
3958
4846
4823
3865
5210
2628
2576
4864
5196
6823
3821
5283
5956
4736
3183
2319
3082
4211
4964
1102
1645
873
892
1625
1213
1247
1383
1110
2989
2579
2280
2236
3014
2858
1644
5450
3973
953
811
481
4187
5855
2973
4312
5180
4380
5868
4222
4700
3523
3492
5302
5053
7123
6638
1439
1010
1109
560
1423
3357
1669
269
282
320
2303
1856
1710
1552
1700
2518
1936
375
329
290
325
405
173
357
1232
1508
700
1451
1200
871
1450
872
1390
1804
1136
1446
468
1510
1349
1606
871
1161
1331
1462
1077
1559
839
908
1178
1268
808
1256
887
2344
477
671
284
364
264
4818
5439
6060
2736
5918
3640
4757
5081
2762
4123
3316
6200
6041
2745
230
335
334
229
5521
5770
340
1527
3856
2475
1015
1027
1610
2008
3136
1421
2242
2910
2897
2434
3002
1892
1798
3546
1711
2225
4887
2884
5484
5783
4817
5333
6435
4622
346
2202
3217
2281
5224
5828
2840
7002
5140
4237
346
374
266
289
5956
7725
4819
3913
193
324
303
480
189
282
2019
3405
2135
2753
790
792
403
208
660
478
465
365
301
179
228
363
192
262
279
460
355
219
248
280
271
269
392
426
272
442
313
381
285
359
360
410
294
308
240
1070
2116
1472
1153
1371
1326
1408
1928
2642
2844
2033
4313
5502
575
465
602
545
562
651
576
559
510
1240
402
211
6667
7325
751
736
477
258
386
359
344
315
245
314
297
472
308
174
367
488
437
382
187
285
2334
4327
4647
4305
347
263
156
487
290
224
261
319
214
266
310
3583
776
390
848
646
813
703
629
689
759
537
626
371
647
871
566
1060
777
477
721
4565
7437
4357
5256
5229
400
862
1022
1472
1506
1306
1469
1520
1300
1084
988
1745
1014
1223
1347
1714
1652
1110
751
1683
1045
2224
2045
2842
2747
1914
1927
2473
2024
339
1892
1764
2155
2213
2653
1336
1769
657
684
442
3546
2264
6026
6659
3698
4017
4432
4799
4479
4084
3586
2917
2695
2742
2144
2435
2268
3099
2070
1874
3350
2159
3105
2672
3524
2254
2064
2659
2787
2215
3411
2660
5973
4987
5592
3907
5339
330
203
265
4552
5192
3500
6408
5071
9812
2601
4222
4125
822
1557
1053
1480
1227
1486
1477
1324
1125
815
1682
1248
1475
1392
1633
959
786
467
211
355
126
451
332
385
241
426
454
253
341
437
310
250
327
893
807
1101
1476
843
1452
1201
1204
1485
1577
1283
1028
1296
1541
1456
218
453
1172
1944
1991
408
3178
1579
2044
3299
2693
301
258
1358
813
1718
2144
2224
1812
2004
636
1940
2669
2353
2584
654
547
580
627
579
565
650
532
873
835
781
288
271
211
299
169
391
319
224
570
98
218
342
357
364
301
252
209
226
388
259
214
1183
1214
1461
1506
1228
996
903
1342
798
128
942
1854
2354
1653
2538
2289
3236
527
670
630
570
349
739
414
912
665
1090
978
1481
4751
395
412
268
178
201
287
342
270
280
378
315
498
171
438
568
587
492
822
659
365
417
410
421
852
297
527
414
377
187
279
407
334
423
302
325
341
304
323
1190
4550
5036
4661
4659
5246
4595
4477
5190
3095
3155
1571
2770
303
296
256
301
362
219
2383
3457
2693
1614
3532
5225
6174
3837
6950
5601
5045
348
510
5827
4730
403
327
2933
2518
2510
1321
1133
1017
1037
1018
1294
487
1309
1386
963
1602
834
1575
1870
845
1558
933
750
1123
1398
1064
5424
2725
1495
1867
2101
3635
6471
3464
2933
1754
3166
1926
3759
1848
3638
2129
2698
2346
1835
3100
1747
1171
1233
1922
2583
360
573
632
1014
615
776
874
647
573
1524
1121
836
962
1213
1259
1276
1025
987
2448
3519
1089
2093
2806
2291
3114
566
528
554
703
683
653
1547
2088
3245
6016
4038
4785
3682
5475
4222
3506
6646
3960
748
439
497
728
316
331
4202
5902
5848
5120
7189
4390
4747
4996
5059
5634
6815
6333
5284
7192
6339
6962
3175
5843
6663
3846
5648
6140
3325
6537
5858
6654
6197
4034
4691
6330
376
317
302
254
319
292
408
445
188
372
400
264
200
215
307
391
304
229
364
320
419
351
226
218
332
421
227
411
3664
3385
4147
4550
779
769
621
478
3223
2888
1170
1250
1656
5385
3912
6169
4914
4947
3418
3762
5008
1083
1941
1227
1100
1714
1264
1098
1891
430
797
508
751
928
2140
1757
1065
812
1681
1415
1056
1003
313
115
434
3834
6000
6340
4808
5824
5924
6732
4477
6639
3867
5233
5438
5538
5572
3166
495
741
611
639
306
181
266
203
249
279
257
378
826
1766
1422
1347
1303
714
970
1408
1303
1498
750
1503
707
458
855
290
276
252
179
2672
3749
2692
2635
2309
703
562
223
646
638
633
489
755
2763
3382
2005
2648
2969
3054
333
665
507
328
561
5256
5405
3961
4436
3644
4042
6222
315
220
1496
1808
1348
1720
2489
256
706
5041
3701
7099
6702
5314
325
438
334
302
252
178
282
303
282
2326
7150
1481
1469
1092
1422
1469
819
644
1527
287
1275
1057
785
768
905
1264
866
1160
4906
5401
4972
6096
5564
6517
5089
572
543
682
584
562
578
531
737
362
355
682
1182
1753
1353
1370
1532
1217
877
895
1316
670
2740
2094
2372
1198
4112
2965
2623
2436
687
1121
2312
3389
1957
3089
3291
2261
1483
1678
1341
2153
2861
2801
3136
2704
2784
513
389
280
319
370
270
323
334
327
445
341
433
227
265
925
2138
415
534
794
573
645
264
3253
4355
4328
5232
4483
3399
5192
291
241
2699
3478
2430
2127
1921
3064
2925
2679
2247
2513
2603
279
579
547
548
880
546
715
564
2186
3191
1203
3440
1747
2739
2647
2126
2296
2147
1951
2136
1413
1858
2952
3543
1944
2635
2519
2034
3025
2443
3037
2591
3059
3129
1961
2745
1500
3366
3227
6171
4358
5227
7604
5815
5121
4788
5881
4861
6016
2513
5739
4667
5570
4023
358
254
372
331
386
380
296
422
290
443
248
353
1711
3312
1953
2894
618
576
509
742
579
433
4338
5775
3666
5050
4976
5742
604
529
740
777
619
352
773
724
712
744
452
522
1185
1101
334
333
485
571
857
742
1356
1578
6617
3971
260
481
354
338
457
6032
3942
4348
4996
4081
6510
6051
5203
5995
1405
1685
1316
736
555
631
483
619
719
768
915
2381
3342
2264
3280
3316
2337
2964
2903
384
368
4264
6003
6086
3387
2517
2607
2671
383
235
306
3519
1745
1619
2014
3344
1578
1495
4151
2640
400
297
377
444
214
108
5797
4424
5688
4285
4821
2539
5060
5850
325
317
5120
5313
6641
5375
4088
844
623
580
464
446
4153
2894
4576
5912
4653
3893
4199
2652
2851
339
190
1821
2948
2705
1883
2324
2604
1652
3861
2781
2772
2346
908
1758
1925
1939
3104
1765
764
1134
1599
349
279
258
3760
1629
1846
1742
2235
2015
6060
6969
5220
5984
4962
4319
6814
4029
6291
4097
5581
4398
5469
6032
6095
2687
3523
2694
3563
1844
3716
1373
1774
2249
2762
3137
3539
1160
1123
1207
1483
1015
1780
1293
1036
1610
964
1337
1434
1652
506
777
2334
2709
2688
2788
2163
1897
2228
389
624
334
223
342
381
421
1150
1264
1049
1649
754
1345
1712
1269
1317
787
1199
1483
372
311
347
815
1363
1430
1321
992
852
1455
610
727
436
663
543
326
763
633
489
517
666
622
565
456
2921
5558
8245
4539
5803
1200
672
907
801
713
713
785
2248
530
706
842
600
564
858
440
657
573
294
1749
1321
1382
704
808
948
720
417
731
740
831
543
840
893
6043
397
301
275
301
336
215
367
375
259
250
348
269
279
391
564
507
676
733
653
6691
1652
1005
1310
938
964
882
1119
1745
1472
1384
1524
1435
1649
997
1823
935
1456
889
782
1577
1246
917
1459
1382
1659
2787
1346
2811
1908
1874
365
3209
2483
2430
2124
2134
2590
3098
2324
2349
3646
2596
2086
2618
2166
1081
2726
1723
2356
1749
3228
2116
4293
2814
5149
5976
4258
476
3643
3454
343
2486
2519
1381
2619
2011
2567
3462
5547
6949
7935
2807
2308
2199
2812
1679
818
1162
1517
3425
5687
6160
4660
6174
5796
5381
5804
7126
7443
3919
4678
4168
5998
3835
3790
5710
340
240
149
268
246
329
259
194
385
363
365
455
357
188
192
189
622
699
589
563
6418
7145
8002
600
5690
6343
427
609
228
633
617
1002
697
675
577
621
354
529
727
675
657
490
539
607
2366
568
730
3281
5413
622
681
688
513
496
1534
1063
1434
1373
1296
946
1240
1354
1102
1261
1148
5752
7019
5083
8379
608
487
623
560
682
2963
4692
5037
5418
5597
4330
2452
6702
6662
2975
5869
5606
4661
3752
1690
2293
2115
3357
3366
925
797
441
733
974
368
395
222
272
253
694
421
1102
652
1125
1086
1030
935
1420
880
2296
2274
2582
2055
3596
3290
2650
2376
1127
2671
2408
3422
2624
2630
1540
3015
3421
2247
383
266
400
938
530
2507
3127
2805
1694
1576
2361
1897
3132
3296
1733
7474
5666
4125
4845
347
154
389
296
298
367
321
4697
5165
5462
3858
5792
7314
6166
395
773
349
563
411
6906
1290
1124
1464
675
651
573
656
689
2375
3020
2221
1980
1827
1784
519
596
479
756
820
326
2763
568
536
642
780
558
413
773
5484
5456
6520
328
227
353
305
285
1393
973
1046
805
698
646
611
553
657
468
857
725
706
617
431
714
1490
6041
3560
5170
4989
5698
3594
2909
4529
954
1318
729
728
728
603
520
738
602
513
615
479
465
671
770
607
525
473
778
461
654
2233
3385
408
236
404
311
342
284
235
234
442
325
338
218
1480
4929
3882
4372
1758
319
438
158
221
580
479
534
858
135
2203
3635
2905
2258
2559
2892
2219
4100
5909
3497
3200
3815
2005
1144
817
223
379
278
279
271
435
193
208
454
934
662
515
415
551
756
426
337
2813
4657
5585
4332
1605
2424
2808
3396
473
707
721
459
911
565
865
489
3434
638
2345
2493
2267
2491
1505
2276
2048
1954
5139
3596
4445
4107
4213
5583
1378
5156
5023
4262
7489
7265
2741
6669
1071
1233
1538
2155
1554
1199
4384
4365
5204
5575
6066
4796
629
482
6734
4719
1357
1574
1334
969
1033
1236
1049
1386
1152
1061
1353
3525
2254
2339
3664
3019
3306
579
504
779
468
742
704
475
785
608
544
401
481
460
603
641
382
466
484
673
2080
1958
3220
1808
2053
3106
3608
2264
1846
3067
2807
2289
2610
2669
3680
1894
2047
2199
2485
2657
2902
1445
3073
2644
2558
3794
2041
2059
227
362
453
416
371
238
302
471
352
413
213
6559
6022
4715
2439
2822
4619
5117
5035
5230
5291
5725
6526
223
384
210
261
231
330
252
275
182
509
276
258
202
300
488
653
822
900
1181
790
1636
1173
1487
1460
657
526
840
614
400
552
743
485
439
337
286
275
721
732
631
270
300
278
350
467
388
4001
6506
4272
4190
5217
4798
4922
4764
3832
4314
4593
4730
4973
5849
4813
5013
6017
4466
7245
6076
4888
5175
5037
6798
6328
3704
6381
3302
3022
906
662
684
719
408
1542
1230
988
1379
2166
1133
993
1226
898
1011
1314
1222
1052
1267
1321
5793
274
367
196
256
264
364
339
448
265
338
291
5726
3330
4496
4937
3933
4162
6179
6152
4407
4449
569
1129
1330
2320
2224
2747
3029
2253
2708
2852
2646
2776
1722
2814
3288
2606
1075
2105
2926
2919
2254
2199
427
516
772
1421
1192
1301
1746
1457
556
969
1478
1827
1266
422
385
226
211
370
220
334
279
392
297
371
340
359
239
419
309
219
283
281
3307
2700
3008
2617
3726
393
227
338
444
361
366
161
6554
6539
3272
4120
5125
6187
5699
3830
4228
344
211
260
3005
2040
2976
2265
3106
2509
2353
2475
2335
1134
2166
1721
2592
2736
2523
2862
2388
2179
1758
2195
2657
3035
1530
2084
1660
1710
2294
2689
1438
1368
1239
221
661
522
543
658
489
349
321
1759
315
339
306
236
161
378
218
221
344
486
384
548
534
799
611
866
902
908
680
550
773
462
315
2243
3226
1425
2584
977
808
1069
934
660
3509
5463
2331
6734
6253
5200
4200
987
1546
1274
1329
7186
6320
4614
4650
3577
4019
4350
5618
4549
2164
5441
6605
5010
5262
4702
3950
4603
3146
174
276
3571
5510
5707
5220
5285
4267
5362
3492
4349
4908
6422
4575
7196
5073
669
642
372
451
642
647
522
491
546
684
142
277
390
373
367
252
474
511
390
252
1530
924
2416
2115
1580
3091
2366
2145
2779
1813
2264
2645
3704
1430
2524
2640
3577
2163
2281
2549
2710
3072
1975
2513
2083
6413
5764
8163
4614
496
845
676
677
4231
4246
343
242
186
330
327
479
296
298
377
319
233
221
279
455
271
278
2948
2975
2747
2436
1828
1163
863
962
407
322
2574
2890
873
2593
1999
1817
677
4128
369
300
292
210
218
360
389
385
409
318
346
351
234
260
276
343
299
324
274
346
298
389
287
356
321
364
348
265
259
431
364
1248
1248
1332
926
638
733
5083
231
2728
1862
2485
3031
2430
356
436
679
601
2254
2161
3287
736
1968
507
642
498
813
605
1238
607
1367
1728
1765
1627
1162
1207
1557
1212
4873
4941
3252
8162
6125
4702
346
338
337
294
379
316
1632
851
1056
1517
1808
1515
1975
1171
1141
1620
982
1230
1381
587
494
608
1117
517
732
409
453
728
709
654
432
717
781
575
687
707
406
677
701
659
421
634
1230
1461
702
4019
3059
4231
2452
4310
4692
4123
3365
4124
5092
6044
5075
4703
3245
1657
2793
599
3870
291
684
576
592
692
559
517
3725
2688
3846
288
314
305
3184
464
301
5480
4525
5058
3768
4888
5856
4833
5943
225
2186
3965
673
290
690
3793
3099
1874
3460
312
1627
3372
419
166
300
321
232
431
350
139
430
351
251
2184
1692
1776
2709
2505
3283
2287
3285
590
648
598
578
2359
2942
3313
3207
4256
4787
276
313
296
370
290
430
365
270
5961
4579
7554
6305
3750
6104
4175
8352
5435
226
113
230
387
252
207
255
226
330
394
156
194
56
295
176
1249
1010
1123
2007
7114
5015
5510
438
81
434
364
258
286
290
348
190
355
296
1264
1456
1549
1481
961
1176
1322
418
1148
859
437
1832
1245
1033
914
728
651
1293
1714
1418
1446
1637
981
1757
935
970
765
2044
2199
2807
2968
2236
2405
2886
289
403
374
205
329
255
1126
1521
4201
5908
5013
6030
6062
1094
4444
58
243
245
440
268
420
200
289
348
232
6201
5412
1395
220
348
247
367
558
639
888
852
1506
2206
3171
1361
1757
2516
2327
2680
4034
2327
2464
1599
1098
1105
1072
1169
533
1478
1880
760
1305
4510
737
2105
1831
3009
337
6139
4297
5029
4301
6079
5253
4712
3623
5575
4290
8724
393
344
194
455
547
2030
2549
1534
2417
2619
2288
1886
2996
1607
2425
3500
2782
2246
3814
2339
2150
1634
2659
3186
2438
3004
2869
3603
2484
2632
2133
2705
1843
862
1597
1047
885
1590
966
1212
362
1002
1186
1156
248
5508
3923
4981
5831
7478
7435
4544
4061
3470
5266
2776
6870
6285
5490
5497
5252
2180
3413
4322
6448
1279
2680
2726
2282
2551
3499
2285
2360
2112
1202
1503
1524
945
1476
1191
823
1383
1007
1262
1739
1306
2910
2532
1663
2233
2374
2819
1494
2894
948
2737
2365
3012
3222
1270
1345
1457
772
1287
883
1196
960
1164
1378
1729
1199
1167
1414
1811
1663
1213
1845
768
1340
411
341
88
364
449
230
290
310
263
4262
5671
6464
3901
4229
4403
4689
6587
6292
6035
3386
6196
6058
5740
3286
1916
2512
2446
2875
3591
3857
3188
3734
267
399
349
286
436
318
325
225
272
529
540
241
414
372
713
423
228
369
183
184
339
323
351
420
144
511
616
674
532
756
691
937
757
554
436
817
619
646
2423
3885
5942
4210
4267
5367
695
262
237
2067
3584
5316
3234
2522
3490
2737
2948
5424
3875
6994
4274
4259
3059
5538
4946
623
753
1647
1532
877
655
892
1375
1157
1566
1484
7403
5308
4526
6224
5575
4430
4493
3876
1257
734
1253
1190
2883
1408
2805
2641
2230
2098
3186
3282
1751
2069
2673
2097
2798
2484
3238
2104
2191
391
382
196
225
340
306
7152
4202
2150
4748
4133
6727
5198
5091
3452
4467
3674
4827
6383
5365
4498
3731
1822
1205
995
1025
1359
783
738
3596
970
212
836
366
676
387
642
499
728
2270
1819
2800
3839
2333
2041
2268
394
479
238
303
231
1055
1695
1634
874
1563
1293
680
390
821
914
570
2628
1734
267
330
361
231
271
313
44
298
399
286
2816
2789
2276
2840
2629
1851
1928
1802
3077
3210
216
385
305
177
310
1629
5352
209
163
1192
919
1053
627
583
714
678
2665
5415
5322
6261
317
214
211
337
325
380
242
351
254
251
358
151
330
311
364
388
266
273
332
231
232
430
1404
3174
1914
2827
1836
2540
1742
2728
1846
2497
2216
2228
1942
2741
1719
2980
2850
995
705
1310
1304
1996
879
1662
1447
6929
5017
3142
571
4570
5595
3844
5417
5455
4740
4492
5502
4613
375
470
380
336
678
680
533
5715
434
319
291
316
331
227
201
173
338
279
359
218
472
315
124
436
336
231
372
383
255
186
172
249
299
430
163
152
398
279
371
263
351
270
438
86
226
278
440
480
770
854
2907
4621
782
1281
1493
1137
1206
1146
1285
1502
1266
1223
1175
1215
1601
862
1303
1351
1747
1251
768
1926
3289
5482
6208
5564
4951
6389
5212
6462
5881
4806
3174
6264
6391
4498
4031
6825
212
2049
2935
1492
960
1001
648
1873
1201
1811
554
6758
5616
3827
5989
6444
5025
5792
5215
3666
3462
4931
4725
3374
5759
5122
6259
366
375
328
405
303
2439
2092
332
267
496
508
677
615
656
692
484
636
3125
4173
5606
3212
6948
4140
2697
3665
4001
3085
3631
3405
4611
7391
6571
3290
5144
6593
5047
4004
4264
3236
3900
4682
3487
4541
6002
6965
3932
6195
5150
5289
4494
6738
4790
4458
6332
6472
5986
3432
359
606
789
391
380
754
409
521
558
532
730
405
601
829
781
992
380
399
592
720
1567
1005
938
1255
1631
3026
3087
2013
2737
2046
2919
194
174
405
899
414
589
446
668
687
698
553
2695
2502
1673
1799
324
366
375
289
633
643
400
333
546
518
726
522
480
828
702
834
595
602
727
707
703
651
548
551
670
544
551
776
609
783
380
796
4637
5948
4108
306
272
276
271
370
361
361
363
312
371
291
190
4813
6003
340
237
340
268
490
1310
1292
1661
1570
1041
1399
1246
1284
1184
947
895
560
1894
1219
1591
992
1606
875
339
361
299
253
301
274
3650
1491
1000
1190
1804
984
1722
902
506
1776
1663
1508
1026
1099
1058
877
1460
1013
1475
1188
1048
1251
1514
1082
1286
1069
1186
1031
6185
611
6022
3815
569
1908
1922
1104
1448
1008
1169
1653
5327
263
357
4474
5438
5779
5563
6377
1908
1498
1714
1204
1202
1325
716
789
1342
1231
1302
1522
1219
1605
956
1780
8129
292
255
289
479
361
329
3039
1995
2756
2743
2603
256
549
3672
5131
5658
4458
643
331
5016
2221
5665
5082
4140
3851
5554
5465
332
377
367
444
462
295
387
4321
2772
1153
1379
1191
831
498
396
341
392
304
242
259
348
270
1507
853
1090
752
1111
1286
4242
5846
6461
3960
3392
1093
1275
1254
467
887
1469
1254
1049
1490
1498
818
2923
3691
2019
3897
2906
2245
2277
2087
499
550
764
686
593
3082
1121
1788
3353
1804
2532
4047
2750
2471
3678
2489
2856
4980
4141
4719
7348
4139
6901
1405
752
1108
703
1256
1263
6662
5090
4200
5008
263
744
644
583
3077
2395
2223
1391
2767
4854
5624
4995
6748
4573
6327
5814
314
1250
822
971
1462
1719
1519
1006
2662
4102
3148
1601
3049
1274
2268
2066
2921
1897
2098
566
1167
1079
255
285
312
302
363
195
347
303
336
283
336
366
286
359
222
257
405
3371
3399
3355
3189
1606
3723
3152
3749
2032
2837
858
3231
3082
2881
1780
2244
2784
2186
354
197
261
409
244
362
393
187
216
281
409
716
858
578
5085
7817
3414
5157
332
332
333
259
1800
3225
1849
896
1241
902
657
232
952
488
5571
6923
6709
6308
2094
2357
3296
2055
2169
2528
3170
1858
2122
3027
759
275
264
434
308
239
262
225
369
392
262
317
366
425
201
361
298
114
275
336
561
687
755
762
654
363
326
300
293
418
276
490
297
1761
443
568
833
732
834
1684
1062
404
1502
2391
2515
2025
3319
2636
2257
1027
1361
1230
1503
518
265
1330
2368
2025
4919
4336
6231
3526
4462
5639
742
696
565
3527
1662
1666
3045
2996
2320
2872
2362
607
5051
4585
5040
4947
6925
4477
6479
4514
5984
5466
3578
3141
4857
4259
5690
3283
2907
1932
2770
2020
2790
2007
2460
2531
2739
3203
2309
6034
4112
7582
5043
3748
2771
3688
934
857
1052
1024
1244
642
582
641
717
555
617
932
818
804
571
4641
3679
5717
5074
257
443
302
82
431
306
244
282
292
338
271
317
387
336
296
234
268
237
383
2722
2148
2522
743
2574
3099
1092
564
728
332
249
276
765
2814
403
607
2776
5198
3235
6336
3507
6763
3285
5587
4455
6056
5532
6465
4496
5421
3474
4130
5010
4816
4275
5914
5501
7119
5291
4569
1352
1120
1422
923
360
530
698
808
355
560
448
618
571
1348
372
327
318
327
325
334
230
391
423
293
193
301
362
2722
2437
2667
2039
1933
3862
2072
3652
2648
331
224
743
617
691
735
592
629
668
549
5412
5793
4836
376
426
443
285
223
205
433
228
268
543
463
434
1097
1772
1764
1345
1169
1348
1600
982
421
322
285
445
702
624
588
648
741
677
708
487
3565
3625
2656
2725
2088
2230
1645
1789
3183
3489
3319
1001
1589
1396
2278
257
639
970
732
539
692
875
594
494
963
359
487
703
565
4466
7006
5663
4091
3792
2851
2451
687
605
816
324
1881
2456
1916
1702
1667
2231
2633
1667
2881
1584
3237
2009
2739
2338
1697
1864
3950
1196
1108
2536
1738
2806
2641
3192
1890
2398
2381
372
1305
1329
1258
5436
5332
7672
5118
4443
1907
3291
2977
1150
2223
1581
1516
1608
810
1256
1210
1488
1644
723
1394
1439
1038
1190
1137
1342
1352
314
1489
976
2174
539
768
1160
1342
1718
1083
864
1491
2249
2988
1922
1280
1929
1817
3659
2125
2612
2312
1193
3355
1768
1985
3044
2744
1255
1537
2696
3448
4578
7302
5082
5487
5610
2683
2298
1613
2253
3832
2892
3432
3122
2544
1592
750
716
7618
4057
2203
4911
3486
3738
7003
760
1348
1351
1264
1418
1622
1356
3799
5978
6216
3290
4169
1349
582
2821
2522
1990
2603
2061
3808
2743
1530
2084
437
1214
1415
1717
444
409
406
370
253
648
773
514
734
648
611
264
788
803
633
431
707
919
721
786
766
468
457
1160
899
2027
1363
1010
1401
4848
3973
4537
3259
404
241
343
241
341
324
271
330
5829
4677
4237
4436
926
740
730
2087
3004
1157
1024
4911
4731
4012
5514
5144
2439
553
802
737
560
541
888
3173
1951
1756
1402
2936
2427
2595
2704
3256
2271
4308
2194
3070
2669
2569
2590
2526
5759
5347
550
690
672
786
258
270
383
331
316
411
367
387
365
270
133
238
371
3518
1392
2658
2583
2404
1239
2791
2907
5053
4742
6046
5953
2650
1046
1444
368
1574
1454
1175
1605
1589
894
592
775
505
879
1686
2196
3075
3126
1773
2643
1880
4087
2035
6336
688
431
247
169
343
228
5375
7034
806
455
427
4955
6217
6385
5468
3552
3483
7089
3408
3447
2953
2441
2762
793
2676
2760
3027
1583
1966
2897
3101
2350
1971
2455
2920
2859
2232
1974
3327
3617
1647
4185
4405
4741
6066
247
651
829
480
774
371
805
370
494
726
622
838
574
465
455
536
3185
4439
6283
4871
3572
6238
2915
5452
4793
4839
4478
5173
5372
5913
3029
5167
3369
4290
6079
6536
4178
5035
2169
1915
2263
2482
2469
2321
1967
2381
2190
3448
2041
2508
1858
2937
2358
2120
296
289
781
703
3146
1803
3962
2134
6551
5826
4172
5417
4559
3038
5428
3864
4658
1261
1157
1529
744
1037
860
851
518
416
851
590
934
219
331
248
193
380
371
372
235
5913
5462
5930
4946
8127
4669
6573
302
227
394
2628
1879
3196
2736
2177
2539
3459
2568
3308
2362
547
573
324
376
413
349
248
151
420
250
288
3754
758
1531
1759
2610
2617
2662
2055
2197
1891
2966
1903
2906
2538
3006
2417
1747
2967
3083
2729
3666
2814
2736
3255
713
2532
2960
3653
3929
968
1866
1047
1750
1788
513
498
611
371
702
257
644
654
474
673
534
457
532
1388
1382
1452
809
596
749
750
766
655
584
687
739
3237
4074
4070
4762
4380
5761
6346
4885
6021
5364
5085
5995
2814
5197
3708
3769
5889
6581
7402
6296
4189
5072
6226
1003
853
2443
2215
1945
2852
3034
1989
3174
100
341
3093
3294
2469
2438
3410
276
339
418
413
349
227
262
1176
1210
1670
707
1274
1420
1437
1837
864
1062
3177
5771
6329
966
426
385
3950
4145
6030
5216
361
315
361
350
146
243
299
526
344
430
986
3860
1591
3310
2058
2677
539
614
630
617
438
646
742
736
835
603
511
574
441
233
353
200
248
1278
1972
2677
1146
2349
2850
2322
3659
2064
2028
1705
2426
5914
3170
6956
5798
5995
865
596
746
611
629
746
809
436
741
749
362
642
3217
2525
3488
2940
3125
1586
2138
385
205
335
406
185
190
277
287
229
356
293
400
215
325
431
361
407
6319
5565
6293
4139
3533
5322
6841
620
749
744
677
404
542
231
217
328
443
327
125
307
258
533
247
317
180
267
941
1845
6142
3208
2765
4905
6336
3230
4705
6138
2509
2198
2088
2730
3374
2261
3164
3105
292
497
2526
3962
207
482
253
207
359
161
117
165
427
827
764
560
517
582
516
704
546
878
763
2150
2271
2950
2585
4432
2642
2136
2653
3074
2750
2131
2405
1731
1089
7440
5447
1552
2953
3349
2236
3822
4651
3281
4606
3408
3565
6277
4799
5248
598
293
373
249
452
221
331
327
381
371
198
322
515
426
913
781
607
764
330
247
288
174
314
225
187
217
3938
5141
3065
4093
5963
3661
5735
690
743
2516
2880
1904
1959
449
293
247
269
315
801
681
448
648
564
417
611
624
428
670
526
646
789
590
724
747
615
623
334
531
530
377
521
7456
5321
6929
5615
5559
1674
1057
1099
950
1501
2433
2933
1585
3034
1496
2565
472
674
620
645
1190
889
1858
1281
839
1436
692
515
3413
2255
2282
4169
4460
5694
295
292
1453
1557
1909
1361
859
1363
972
5645
5036
7676
5533
3386
6516
5182
5172
3003
745
788
550
653
309
417
282
230
229
298
290
411
323
307
277
365
274
305
259
1570
1605
1115
1498
1437
1518
11095
4644
6703
6850
4922
3749
5892
2642
3858
4735
3809
698
718
547
388
439
272
245
282
323
998
1032
1772
1242
718
313
172
513
2985
2519
2882
3170
5649
4812
4726
2557
3511
714
814
761
218
313
6222
4586
4890
3837
6548
5528
4442
4543
616
473
517
614
910
608
603
489
197
3225
1796
3028
3836
1914
2574
330
239
414
330
374
297
202
374
203
289
247
5135
3592
2174
2219
4286
1541
975
1504
1677
1228
1279
1077
318
340
1930
1560
1267
1180
699
1433
1316
1476
1336
1549
1844
931
3391
6872
3114
4076
5560
4142
231
330
204
462
336
311
327
368
248
312
271
396
449
346
360
388
257
655
865
970
1381
1901
1871
1424
643
305
5245
4589
291
407
404
419
329
352
512
182
226
128
253
328
975
738
399
1201
1329
1081
1644
1249
938
922
1338
1742
1217
1385
1404
931
1061
1089
1407
1442
1201
1083
1372
5210
5001
4192
8046
316
261
381
171
281
404
4547
6161
6219
5419
5690
4365
3697
5258
447
543
632
774
670
259
366
350
164
230
6720
334
288
812
1457
1447
866
1573
1392
1889
2599
2066
3821
2238
3356
2361
3044
2931
856
1573
1375
1201
1102
1304
229
319
269
377
1293
2797
286
302
361
1296
1636
675
8060
5889
5392
4764
6291
5892
837
960
606
805
450
682
812
409
316
749
611
800
935
529
517
967
569
573
345
854
590
619
287
538
2529
3152
6509
310
303
800
467
310
625
237
185
341
272
207
347
254
348
283
359
324
259
355
317
5433
6552
2729
6385
4668
6402
3469
4802
1069
349
214
287
356
3717
4404
3246
5684
4416
3589
2145
1799
240
267
361
317
280
332
1808
929
1081
956
1086
1545
600
534
496
770
456
544
6988
4289
1303
3776
681
1039
818
1242
1444
1397
1647
865
395
283
221
477
278
1000
319
693
330
492
456
484
752
578
1473
2200
449
663
695
539
658
232
232
4788
1813
1402
2578
2487
2732
2441
2092
3061
2877
2527
1143
3323
2905
2066
3376
2707
490
365
318
470
231
418
346
337
316
282
239
310
427
3303
2416
2642
616
927
864
368
391
873
144
933
771
722
670
524
263
401
312
281
269
174
243
457
147
322
347
384
569
458
590
806
1673
1531
1386
675
1020
832
335
3085
2532
3167
2241
3126
2908
1802
449
526
397
692
844
763
604
838
278
243
196
539
427
425
3315
2429
3685
316
452
190
420
444
265
355
303
353
205
312
413
207
282
295
354
333
429
1176
1605
1661
854
1952
1135
1730
2046
2666
1828
1161
1338
1223
5897
2022
2521
2630
3269
3099
2420
1145
955
946
1232
1591
1411
1193
639
1824
1474
1141
1138
708
472
2100
2394
2673
609
591
576
603
2128
2669
290
321
251
186
286
415
257
272
441
1041
456
745
436
3856
4258
293
688
672
2964
1354
1260
1383
1357
1983
1829
1122
626
276
591
99
202
636
1082
4528
3650
576
688
402
856
545
695
5588
5425
4725
7331
590
2675
1135
1561
1596
1802
1611
1400
1572
1342
1041
1123
1618
1262
1235
1863
1925
3543
2376
440
314
308
287
445
4900
7047
6709
4913
6176
6508
4114
848
750
452
726
459
501
349
604
489
620
544
696
499
694
445
631
654
500
775
774
752
563
211
210
187
346
505
1969
2185
1638
1487
2341
2710
375
422
396
1360
1026
1007
1504
930
1107
1711
1974
1156
1419
1589
1116
1248
1150
1194
1622
1652
1120
378
421
269
341
189
333
417
514
559
796
506
505
590
381
704
646
525
809
339
553
865
4120
4557
5968
3744
6166
5618
6378
5682
6621
594
660
571
596
572
567
569
521
283
700
685
568
687
654
792
590
543
615
284
208
287
455
433
1448
505
795
1438
1846
1465
1521
2979
2622
3475
3377
2964
1909
1253
1565
5722
3844
4320
5562
1808
2174
1119
569
891
613
601
675
658
931
630
517
1623
3207
3249
2589
2281
1947
2689
2974
767
843
683
643
661
689
671
1367
1202
1313
1192
553
1335
1489
1791
1092
1773
1569
1491
827
1074
5491
1422
1076
935
1255
1388
1045
7845
4934
4737
5502
6913
4855
3376
1714
2060
191
336
1289
1037
682
1204
1303
1614
1014
1566
1039
766
4185
297
1273
912
1318
1295
542
766
500
908
753
517
593
520
801
587
448
647
627
575
1135
1321
163
399
324
392
329
307
251
246
389
320
639
2051
2727
2971
2353
2412
819
417
668
617
703
651
454
539
833
864
208
201
280
733
2639
2428
2478
677
393
624
652
851
388
796
677
2453
300
281
4121
4446
2072
2351
2634
2505
2615
1229
577
1267
688
1651
802
318
370
789
555
405
777
851
3327
1367
1959
3042
2704
3241
6852
6116
1146
1597
994
1457
1849
6845
5138
6933
392
239
458
272
4257
7332
3231
3528
7237
8439
5732
4694
1936
404
348
409
466
281
412
338
349
227
497
425
325
379
375
6391
2431
4134
1831
1698
1566
368
1045
1526
4770
5547
7854
4520
4985
6534
3303
4351
3710
3823
5904
3967
1984
2055
2062
2875
798
1479
1552
1115
1073
905
1797
1714
3310
2803
1157
2897
2896
1843
260
375
332
349
227
411
272
344
667
562
622
357
404
311
2734
2927
3028
1728
3155
2177
1051
216
6888
1750
1687
1832
4845
4418
6737
5196
5590
3530
3843
3977
5223
8047
5630
4693
5551
5170
5794
4595
5931
7074
4159
839
588
626
511
915
979
1406
820
1280
1556
1830
815
1182
297
471
321
170
270
1386
2509
1837
2900
3240
1669
281
520
1934
321
746
779
697
607
421
719
538
442
940
769
1057
1946
1829
1126
717
1333
1045
1593
1132
942
3735
4297
2181
306
369
304
1483
247
307
324
265
243
2665
2327
2431
2520
2356
2904
3329
1544
1311
3484
3098
3393
2206
529
470
4683
6642
4398
4766
2684
2059
5158
6685
5122
2966
2582
6605
4027
5398
3936
6620
5117
4457
6608
365
291
287
330
1038
3186
3298
351
289
295
327
325
358
342
1707
1428
1325
1365
1550
1482
1143
1855
1256
1163
3742
392
720
678
529
808
649
569
620
5871
5377
3335
5078
3533
1682
1075
1150
1355
1509
1795
1716
1040
952
1184
1463
4812
4141
4707
6275
6190
785
892
761
828
533
373
302
305
400
250
2457
478
790
934
1012
997
1352
1121
4021
5178
2961
3212
2748
2268
5767
7080
1314
1541
1176
1612
1553
801
282
375
303
272
2766
2396
2657
2585
2315
3639
2766
1870
1421
2227
5680
3095
3625
5657
4678
374
251
327
195
221
386
298
296
4908
4145
6547
3181
7522
4071
2535
3799
5821
6363
5992
4928
5849
4379
6579
6398
5184
2280
4149
5153
5444
920
675
734
756
760
6508
6392
3979
3953
1112
400
340
291
223
260
307
120
3241
4292
2314
3091
3488
242
417
623
573
1206
1207
362
357
274
121
318
318
235
2609
2361
2316
2295
2458
1817
584
609
429
464
726
273
220
275
959
1059
1644
218
1084
457
1540
2537
3210
3340
630
865
1212
1002
1393
923
1364
1088
1492
1001
1196
1325
1258
362
305
286
352
305
1212
983
953
967
1127
1627
240
211
350
3888
4068
5081
7058
5033
3634
3138
338
430
360
683
712
690
586
584
638
239
370
850
549
600
605
539
617
688
347
230
303
240
168
221
808
835
1320
1166
2583
2377
3660
2106
1514
2347
1051
1478
3617
3529
2251
3111
3125
2177
2500
2830
2644
3515
3060
2556
297
462
304
330
335
460
310
254
297
465
412
344
2626
2555
2717
2296
3514
2607
2639
3350
3081
1689
856
1866
1280
1107
1038
482
287
6050
5160
373
926
1440
774
1235
937
1776
2025
2692
2370
4269
236
376
358
174
349
183
542
709
633
6307
615
686
297
392
317
177
324
136
261
412
262
1216
1539
840
1529
1253
1774
1470
1399
1244
1388
1557
1271
910
1357
1700
1226
1429
1345
765
7878
4892
1978
2473
2675
2319
1026
2848
1857
317
920
467
888
1099
445
425
2053
2932
2930
3756
2879
2287
4127
2134
657
658
794
638
367
394
597
648
758
977
737
512
693
965
857
1554
1762
873
1010
992
1805
1245
1577
633
1378
1416
1730
1474
1288
1207
3001
1460
2215
401
299
542
592
658
5607
3687
3714
4591
2589
5684
4845
4522
4513
4096
4144
3397
3460
3705
5759
5006
6170
1334
848
736
1365
1234
1720
1225
442
328
246
1366
1024
1306
1636
1634
878
1118
1518
1493
668
1148
1640
1310
919
922
530
552
401
571
2126
1986
5101
316
163
308
371
312
314
221
544
6283
4679
242
200
412
246
352
257
251
200
378
429
4309
2485
4449
1792
1379
1387
5854
4131
265
351
261
425
345
314
326
356
190
303
277
308
227
296
261
1123
643
372
688
502
654
933
472
864
294
382
211
453
342
426
375
306
308
285
304
337
383
292
382
3952
2430
1708
2766
2519
2262
2183
2344
3057
1633
3544
2066
1802
536
718
401
453
515
824
416
602
367
360
227
323
270
343
363
353
238
607
648
755
654
612
843
4081
4756
6647
6011
5294
3687
3217
2223
2908
1702
2570
2964
758
1440
1760
1289
895
1344
1091
1118
624
2218
2695
3368
3066
2829
2142
1854
450
322
928
495
659
584
663
575
700
252
270
368
294
273
271
370
3269
6653
3799
3540
4017
1446
2955
2345
2970
1615
1232
5108
5625
7081
3389
2201
2058
2993
3343
2082
2797
2421
3452
314
372
5800
8012
4225
4203
4445
3272
4429
3949
4908
6081
5127
6454
3169
3734
1646
3091
2212
2302
1752
2535
1893
2512
2708
2736
2045
1971
2095
2244
2816
1285
656
1201
2666
2283
1602
3559
3524
584
295
705
489
941
613
786
729
4090
3374
6892
6745
5549
5681
505
661
850
6121
5637
270
339
291
269
229
2823
2591
1806
2567
2099
2631
2653
3227
2136
2546
1553
177
392
2253
2440
1905
655
971
693
834
447
889
465
2764
2644
2358
1738
884
789
2053
725
709
351
170
453
328
336
222
270
154
268
293
343
351
326
458
379
235
301
242
1363
1850
739
1039
1236
1230
633
693
523
598
789
777
550
743
673
699
405
595
721
755
432
680
623
696
2861
2807
2015
3638
931
2431
881
1867
1746
6418
4330
5602
4987
199
361
177
2193
1860
2258
1573
3286
1322
2467
2457
2727
2735
2134
3013
2534
719
892
861
846
692
768
628
686
630
589
830
518
614
453
584
358
261
445
522
407
322
343
361
293
262
228
226
214
4914
1739
2507
2878
1622
913
1370
1335
669
1062
854
1040
1297
3467
1686
2322
2106
970
3221
1462
3378
2603
2604
3135
2980
3636
2491
2392
1200
2511
2593
810
675
1384
690
1599
1182
1474
1728
605
1288
1386
1286
1515
1347
1274
882
399
452
453
315
296
255
506
279
225
325
430
257
172
2996
3923
3171
2531
2069
3410
3534
2636
2554
3648
389
219
333
266
378
330
327
308
416
663
1137
912
1388
1384
499
882
1069
899
1594
1273
1522
1499
2355
2126
3667
2346
1724
1965
2082
8083
5855
924
777
484
922
379
288
320
341
2524
4902
5205
4598
3188
6739
5346
2242
7407
7162
4547
7554
4414
4105
5957
4203
429
259
362
378
293
280
260
277
306
255
269
179
328
286
134
256
436
325
452
347
290
265
422
486
407
653
245
243
285
208
1317
1531
1343
1698
1213
937
994
1254
956
1435
1475
1118
1002
1196
4551
6263
5646
4528
5750
6388
6356
5130
3116
3225
705
2241
2392
1812
1403
232
424
350
1559
1308
1523
1289
608
426
599
724
305
392
794
1114
247
334
336
223
331
265
402
4158
3927
4260
5806
5071
3246
2114
2802
2307
2588
2988
1962
1374
1816
2678
2433
2158
2293
3149
1701
1049
1230
1007
1683
1535
7044
6023
2861
6022
5196
4901
5932
1768
1750
1665
913
1898
1211
1023
815
1668
381
1367
1427
1332
2713
2144
2387
1901
1833
3828
2827
2123
2821
1142
1175
1076
289
1237
506
898
351
580
469
696
643
897
631
1555
1593
812
1130
1810
1240
2942
3882
6177
3607
4255
3621
3684
321
402
278
421
418
708
601
483
643
3196
1609
1669
1367
1046
826
1153
1467
3346
826
665
3743
2239
2377
1443
2540
2762
3358
332
293
422
352
168
349
177
1830
2547
2454
242
321
318
309
410
326
353
293
338
282
310
433
348
472
700
258
212
2919
2837
2885
2520
2727
1772
3045
3943
4885
5842
5376
5420
4503
4530
5603
1334
3130
2951
2767
2697
1713
1452
1628
665
728
1208
5670
4292
6398
4515
5206
4545
5278
5551
5090
4416
3512
6765
7347
4977
4769
5960
3862
4215
3786
5436
3204
3765
5372
5109
972
395
917
4043
4156
6256
4738
4622
5904
4386
445
324
442
246
244
351
499
244
422
330
321
237
4494
5087
772
634
504
687
659
607
639
765
2019
557
570
445
431
848
2577
2139
1302
2920
2256
1346
1637
900
639
494
763
287
1481
2470
2544
1317
585
497
942
1066
627
1031
461
621
578
629
272
229
345
440
3596
2531
215
581
465
863
774
753
934
595
657
5512
4844
6794
5833
6726
4701
4676
5335
4253
346
157
351
349
469
4218
4361
4883
5725
5859
6440
4565
3912
4941
5991
6266
3504
5086
4270
6464
4711
3007
2752
2257
327
387
476
1644
1659
2657
1515
3771
2778
2956
1227
1327
984
1420
758
1031
2769
3765
5658
4830
4039
3768
5270
4199
3758
3662
5874
5966
3854
4112
6185
4590
5202
4223
4597
4222
5735
3092
4851
3613
4268
1996
960
1282
3984
5155
4466
4747
3685
5952
4892
5095
4446
7028
4015
6145
1359
1292
2709
3493
6225
3937
6834
6077
812
616
480
4823
3773
4556
1599
4387
3645
683
924
648
2300
1370
836
763
376
741
719
3874
3109
4553
5164
221
470
246
240
178
273
258
296
324
480
293
148
296
2292
4110
6331
376
212
1453
853
1439
758
1168
931
1517
1431
1700
1379
863
1683
1292
672
778
651
806
1426
3413
5013
668
1900
2636
2743
3473
2604
1979
2360
2759
2507
808
704
5938
5775
200
344
208
2603
1022
3377
1552
1146
1682
3562
3982
7151
4296
5576
1486
1255
1635
3576
3901
2763
5394
6335
4402
4808
5074
7487
4396
798
624
361
233
259
268
287
139
802
480
699
645
6532
5032
3332
3844
4655
5264
4142
2114
2582
7904
6642
2835
1359
1531
1100
1138
833
193
1850
1419
1020
1497
999
1087
1244
775
1838
1317
1444
1080
706
664
513
823
3823
2545
3906
1744
2380
2088
404
371
315
304
652
907
448
900
533
675
468
584
712
726
622
524
635
3602
5767
5269
5557
3991
5113
2121
1989
2765
1156
1279
1692
1744
687
1684
1178
1694
1430
1282
1751
1269
1510
2639
2083
2523
2730
2219
2405
2671
2630
2664
2084
2627
2984
3155
2482
1986
1607
3026
2939
2552
2452
3822
2481
1740
2514
1893
2231
3054
2596
2212
1625
3320
3001
1249
319
337
504
627
555
723
640
788
996
432
485
410
1058
567
672
716
765
716
869
1318
1627
562
1266
1397
1334
419
1078
1573
1048
1283
1035
1639
1111
1011
1864
1218
1168
363
1161
567
5231
4045
340
650
384
493
539
580
854
596
494
482
714
3840
3487
7217
6706
4349
3246
1134
879
946
958
1244
1531
2670
2536
2395
1687
2047
3410
546
738
488
438
503
308
569
566
530
547
469
498
566
1016
1505
2723
2507
2654
1615
2665
2207
2877
2621
2487
3811
2715
2100
1810
2506
3522
1699
1553
1672
5929
2715
2209
3802
194
294
373
322
377
318
448
309
345
1613
1379
979
1228
2745
2101
3140
2460
354
407
372
212
290
256
359
215
430
338
322
315
1356
1920
1162
962
1224
1047
1874
1209
1723
1133
247
329
281
376
258
422
369
106
188
423
285
409
401
255
340
3928
3436
1907
3182
4177
2015
337
385
216
380
270
255
248
319
227
292
300
194
220
276
245
369
275
290
707
700
682
649
5276
4704
4972
5561
4112
3245
5110
351
4770
5645
5288
3415
1081
2824
2914
1386
3518
4262
5047
6234
4769
6320
3193
2759
2351
2517
1479
1242
1196
1213
815
290
1063
1530
884
605
472
339
463
592
517
4681
5230
4835
4410
7543
5877
6248
5114
3813
5563
5117
6019
6100
3184
1428
1906
1285
1069
1693
1008
1344
340
234
422
193
410
350
413
335
331
2676
3310
2791
2324
1204
1421
3382
1832
2016
1733
2859
3361
2728
387
446
531
554
681
5883
4652
1943
1429
2634
2265
2175
2405
1722
695
1305
993
784
886
1381
2988
2113
2328
703
510
5838
1367
1203
511
1171
2775
2152
2070
1307
2373
2508
2495
2902
3827
2659
3060
2554
6173
6019
7004
6066
4569
5497
5532
459
340
435
1681
2142
1039
2094
3166
1049
2070
1955
3387
1323
1455
1032
1055
1812
1346
711
1324
1537
942
1313
1498
1603
1058
1422
1455
1421
2646
3011
1892
2080
3517
3224
2309
244
323
249
315
399
286
170
380
3640
3062
472
218
346
128
317
520
733
665
358
585
657
743
184
215
376
378
269
235
249
386
241
321
350
195
473
299
396
278
347
310
402
370
401
388
528
629
628
295
605
719
660
564
802
673
5028
319
354
274
345
321
364
580
511
752
651
423
585
452
785
671
641
763
495
2336
2769
2092
1789
2712
1645
2156
2195
2255
2311
2382
2548
3104
2784
3038
3506
258
267
307
258
322
255
448
265
276
423
239
177
357
346
2904
2848
2322
1527
664
606
409
317
364
329
262
382
1376
3159
2404
3635
1755
3200
2589
2158
819
1407
1677
1110
1558
1259
1367
1681
1574
5521
978
737
650
645
695
770
719
686
382
637
6450
2716
5472
4368
3453
2799
465
570
602
997
1524
1256
956
280
416
1046
1212
1312
843
244
318
1278
805
1087
801
1221
1285
1687
1142
1134
1892
668
938
1575
1400
1280
1237
1293
1555
1565
1115
287
272
260
354
204
329
432
235
292
2426
3012
3581
1294
2727
982
1307
1091
1390
1419
1724
402
353
339
238
312
222
210
2664
1634
3937
2806
2185
3341
911
1237
683
567
577
304
602
590
495
246
611
255
403
270
362
274
337
357
317
208
282
326
299
172
1076
334
419
539
683
786
730
349
630
520
755
5776
5832
4353
2400
6078
5136
1213
919
1113
1774
1358
1222
1588
1139
808
662
3390
2870
3523
5291
2756
2295
2234
557
326
717
4455
4620
4659
559
4171
3004
5266
6118
5205
1429
3655
5688
2818
2140
2376
1745
2530
2485
2094
2056
2144
2483
3213
3601
3577
2186
1900
3414
